13422
12183
11389
10794
10242
10032
9703
9583
9478
9378
9268
9083
8934
8836
8707
8589
8502
8365
8264
8136
8002
7853
7753
7713
7605
7541
7489
7440
7371
7323
7299
6537
6492
6455
6445
6421
6402
6381
6366
6343
6325
6309
6297
6274
6248
6237
6219
6199
6181
6137
6116
4971
4933
4566
4483
4428
4302
4210
4161
4091
4054
4028
4010
3972
3956
3927
3920
3913
3906
3893
3880
3866
3855
3845
3839
3825
3809
3800
3790
3783
3770
3762
3729
3720
3709
3696
3683
3677
3641
3629
3617
3606
3598
3590
3580
3573
3559
3553
3535
3529
3513
3504
3496
3487
3477
3466
3452
3437
3421
3413
3395
3386
3367
3357
3335
3329
3313
3295
3286
3274
3246
3239
3230
3223
3208
3198
3192
3186
2665
2657
2644
2634
2495
2452
2425
2412
2405
2401
2397
2391
2387
2384
2373
2369
2365
2362
2357
2353
2350
2346
2342
2339
2336
2332
2329
2325
2322
2319
2315
2312
2308
2304
2300
2297
2293
2288
2284
2280
2275
2268
2265
2261
2256
2251
2248
2244
2241
2236
2233
2227
2224
2220
2216
2209
2203
2200
2197
2193
2188
2185
2182
2179
2175
2170
2167
2163
2159
2156
2153
2149
2145
2140
2137
2133
2130
2123
2119
2116
2113
2109
2106
2103
2099
2095
2090
2087
2083
2079
2076
2073
2070
2067
2057
2053
2049
2046
2041
2038
2035
2028
2023
2020
2016
2010
2007
2003
2000
1995
1991
1987
1984
1981
1977
1973
1970
1967
1964
1961
1958
1952
1948
1945
1942
1938
1935
1932
1928
1925
1920
1917
1913
1909
1906
1903
1900
1897
1894
1891
1885
1882
1879
1876
1873
1870
1866
1859
1856
1853
1850
1847
1844
1834
1831
1828
1824
1821
1817
1813
1809
1806
1803
1800
1794
1789
1786
1782
1779
1776
1773
1770
1767
1764
1761
1758
1755
1752
1749
1746
1743
1740
1733
1730
1727
1723
1720
1717
1714
1711
1708
1705
1701
1698
1692
1689
1685
1682
1677
1673
1665
1661
1657
1654
1650
1647
1644
1641
1637
1634
1631
1627
1623
1619
1616
1612
1609
1606
1603
1600
1597
1592
1589
1586
1583
1580
1572
1569
1566
1563
1557
1554
1551
1548
1544
1540
1537
1532
1529
1526
1521
1518
1515
1512
1509
1506
1503
1500
1496
1493
1489
1486
1482
1479
1475
1471
1468
1465
1462
1458
1453
1449
1446
1442
1437
1434
1431
1424
1421
1418
1415
1412
1408
1404
1400
1397
1394
1383
1380
1377
1372
1369
1366
1363
1360
1357
1354
1351
1348
1345
1342
1339
1336
1333
1330
1327
1324
1321
1318
1315
1312
1309
1306
1303
1300
1297
1294
1291
1288
1285
1282
1279
1276
1273
1270
1267
