4158
4113
4078
4044
3998
3978
3944
3929
3915
3902
3891
3869
3842
3826
3798
3777
3759
3741
3717
3687
3662
3637
3612
3602
3587
3572
3562
3552
3537
3527
3522
3294
3278
3270
3266
3262
3258
3254
3250
3246
3242
3238
3234
3230
3226
3222
3218
3214
3210
3206
3202
2755
2751
2616
2612
2608
2569
2565
2550
2546
2534
2525
2519
2513
2510
2507
2504
2501
2498
2495
2492
2489
2486
2483
2480
2477
2474
2471
2468
2465
2462
2459
2456
2453
2450
2447
2444
2441
2438
2435
2432
2429
2426
2423
2420
2417
2414
2411
2408
2405
2402
2399
2396
2393
2390
2387
2384
2381
2378
2375
2372
2369
2366
2363
2360
2357
2354
2351
2348
2345
2342
2339
2336
2333
2330
2327
2324
2321
2015
2012
2009
2006
1930
1906
1892
1884
1880
1878
1876
1874
1872
1870
1868
1866
1864
1862
1860
1858
1856
1854
1852
1850
1848
1846
1844
1842
1840
1838
1836
1834
1832
1830
1828
1826
1824
1822
1820
1818
1816
1814
1812
1810
1808
1806
1804
1802
1800
1798
1796
1794
1792
1790
1788
1786
1784
1782
1780
1778
1776
1774
1772
1770
1768
1766
1764
1762
1760
1758
1756
1754
1752
1750
1748
1746
1744
1742
1740
1738
1736
1734
1732
1730
1728
1726
1724
1722
1720
1718
1716
1714
1712
1710
1708
1706
1704
1702
1700
1698
1696
1694
1692
1690
1688
1686
1684
1682
1680
1678
1676
1674
1672
1670
1668
1666
1664
1662
1660
1658
1656
1654
1652
1650
1648
1646
1644
1642
1640
1638
1636
1634
1632
1630
1628
1626
1624
1622
1620
1618
1616
1614
1612
1610
1608
1606
1604
1602
1600
1598
1596
1594
1592
1590
1588
1586
1584
1582
1580
1578
1576
1574
1572
1570
1568
1566
1564
1562
1560
1558
1556
1554
1552
1550
1548
1546
1544
1542
1540
1538
1536
1534
1532
1530
1528
1526
1524
1522
1520
1518
1516
1514
1512
1510
1508
1506
1504
1502
1500
1498
1496
1494
1492
1490
1488
1486
1484
1482
1480
1478
1476
1474
1472
1470
1468
1466
1464
1462
1460
1458
1456
1454
1452
1450
1448
1446
1444
1442
1440
1438
1436
1434
1432
1430
1428
1426
1424
1422
1420
1418
1416
1414
1412
1410
1408
1406
1404
1402
1400
1398
1396
1394
1392
1390
1388
1386
1384
1382
1380
1378
1376
1374
1372
1370
1368
1366
1364
1362
1360
1358
1356
1354
1352
1350
1348
1346
1344
1342
1340
1338
1336
1334
1332
1330
1328
1326
1324
1322
1320
1318
1316
1314
1312
1310
1308
1306
1304
1302
1300
1298
1296
1294
1292
1290
1288
1286
1284
1282
1280
1278
1276
1274
1272
1270
1268
1266
