303 70
303 72
303 119
303 214
303 348
303 349
303 350
303 351
67 68
67 69
67 70
67 71
67 72
67 73
67 80
67 81
67 121
67 122
67 123
68 69
68 80
68 81
69 70
69 71
69 80
69 81
70 71
70 72
70 73
70 119
70 214
70 348
70 349
70 350
70 351
71 72
71 73
72 73
72 119
80 81
81 121
81 122
81 123
210 214
210 211
210 212
210 213
210 215
211 214
211 212
211 213
211 215
212 214
212 213
212 215
212 222
212 223
212 224
212 225
213 214
213 215
214 119
214 215
214 348
214 349
214 350
214 351
348 119
348 349
348 350
348 351
349 119
349 350
349 351
222 223
222 224
222 225
223 224
223 225
224 225
350 119
350 351
351 119
121 122
121 123
122 123
