13422
12188
11593
10820
10544
10271
10061
9732
9612
9507
9407
9216
9119
9014
8835
8647
8588
8171
8126
7732
7707
7691
7669
7641
7579
7529
6640
6545
6510
6500
6476
6460
6441
6420
6405
6378
6360
6348
6326
6300
6289
6272
6252
6209
6191
6124
6100
6050
6028
5997
4869
4508
4473
4419
4292
4249
4182
4143
4097
4071
4031
4023
4016
4005
3993
3978
3972
3956
3941
3910
3895
3888
3880
3861
3836
3808
3795
3785
3773
3733
3727
3714
3708
3697
3687
3679
3669
3659
3651
3616
3602
3590
3573
3567
3559
3545
3534
3525
3517
3508
3490
3482
3474
3455
3448
3432
3412
3394
3385
3374
3363
3357
3348
3288
3280
3272
3262
3248
3239
3232
3223
2675
2667
2653
2639
2629
2484
2468
2435
2419
2416
2413
2409
2406
2399
2394
2391
2388
2385
2381
2378
2372
2368
2365
2361
2356
2353
2345
2342
2338
2335
2332
2329
2325
2319
2316
2312
2308
2305
2301
2297
2294
2289
2286
2279
2273
2268
2263
2259
2255
2252
2248
2245
2239
2236
2232
2228
2222
2216
2213
2210
2206
2201
2198
2195
2192
2188
2183
2180
2176
2172
2169
2166
2162
2150
2146
2143
2139
2136
2133
2130
2123
2120
2116
2113
2110
2107
2104
2101
2096
2092
2088
2085
2081
2078
2074
2071
2068
2065
2062
2059
2056
2052
2046
2042
2038
2035
2030
2027
2024
2020
2015
2012
2008
2005
2001
1998
1993
1989
1985
1982
1979
1976
1973
1970
1967
1964
1958
1954
1950
1947
1944
1940
1936
1933
1930
1925
1922
1917
1914
1911
1907
1904
1901
1898
1895
1892
1889
1886
1883
1872
1869
1866
1862
1859
1855
1852
1848
1845
1840
1837
1834
1831
1827
1824
1821
1817
1814
1810
1806
1802
1799
1795
1791
1788
1783
1778
1775
1771
1767
1764
1761
1758
1755
1752
1749
1746
1742
1739
1736
1729
1726
1720
1713
1710
1706
1703
1700
1697
1694
1691
1688
1685
1681
1678
1672
1669
1666
1661
1658
1650
1646
1643
1640
1637
1633
1630
1627
1623
1620
1617
1614
1610
1606
1602
1599
1596
1593
1590
1587
1583
1580
1576
1573
1570
1567
1564
1561
1557
1551
1548
1545
1540
1537
1534
1531
1528
1525
1522
1519
1516
1513
1509
1504
1500
1497
1494
1490
1487
1484
1480
1476
1473
1469
1465
1462
1459
1456
1453
1450
1447
1444
1440
1434
1431
1428
1425
1422
1418
1415
1411
1408
1397
1394
1391
1388
1383
1380
1377
1374
1371
1368
1365
1362
1359
1356
1353
1350
1346
1343
1340
1337
1334
1331
1328
1325
1322
1319
1316
1313
1310
1307
1304
1301
1298
1295
1292
1289
1286
1283
1280
1277
