91286
90716
90046
89228
88851
87718
86646
86222
84072
83296
82836
81448
80953
80786
80577
80338
79729
77962
77804
77544
77197
77114
76891
76732
74736
74309
74193
74069
73914
73662
73529
73403
73252
73050
70101
69934
69800
69646
69467
69384
69320
69220
69050
68998
68856
68803
68691
68492
68393
68269
68160
67892
65342
64968
64783
64691
64646
64560
64445
64397
64348
64311
64267
64185
64048
63878
63745
63650
63582
63387
63301
63162
63098
62982
62945
62798
62708
62591
62494
62430
62380
62268
62146
61954
61636
58926
58392
58167
57963
57913
57876
57807
57731
57629
57568
57526
57497
57456
57385
57280
57209
57084
57023
56956
56927
56808
56772
56530
56466
56402
56329
56271
56196
56142
56088
55983
55940
55853
55800
55741
55690
55638
55538
55510
55276
55209
55111
55065
54998
54913
54828
54800
54726
54644
54600
54373
51538
50959
50787
50699
50644
50604
50538
50515
50490
50411
50358
50264
50223
50174
50117
50076
50028
49981
49943
49894
49846
49817
49796
49767
49678
49654
49624
49551
49522
49479
49427
49314
49281
49213
49171
49128
49084
49048
49000
48970
48938
48894
48860
48794
48766
48689
48656
48602
48556
48493
48418
48375
48321
48277
48214
48190
48148
48100
48073
48033
47997
47963
47932
47895
47868
47823
47779
47758
47694
47631
47593
47561
47492
47460
47421
47379
47188
47145
47097
47063
47024
46984
46951
46898
46797
46765
46743
46716
46688
46629
46573
46521
46429
46327
46237
46182
45839
42746
42680
42165
42024
41933
41886
41863
41818
41795
41721
41683
41664
41613
41591
41559
41529
41402
41354
41218
41202
41165
41150
41125
41010
40974
40954
40909
40884
40865
40841
40817
40800
40753
40708
40667
40640
40619
40587
40555
40486
40419
40377
40349
40298
40257
40231
40148
40127
40106
40091
40031
39982
39937
39877
39850
39820
39795
39767
39715
39694
39679
39664
39637
39608
39579
39556
39496
39437
39410
39374
39355
39318
39222
39192
39171
39130
39086
38933
38858
38788
38752
38730
38713
38675
38656
38597
38559
38538
38496
38474
38451
38409
38346
38321
38294
38242
38209
38187
38158
38135
38119
38086
38066
37993
37970
37940
37913
37891
37861
37822
37797
37782
37711
37695
37652
37607
37575
37506
37489
37419
37395
37380
37357
37327
37309
37258
37236
37202
37179
37148
37126
37102
37012
36980
36965
36933
36911
36866
36837
36797
36770
36745
36728
36686
36663
36638
36607
36580
36543
36528
36460
36394
36361
36323
36264
36239
36200
36174
36139
36110
36091
36070
36044
36014
35980
35948
35868
35829
35805
35790
35770
35753
35711
35690
35660
35643
35569
35533
35516
35466
35444
35401
35386
35291
35247
35216
35196
35018
31746
31182
31103
31030
30964
30938
30924
30908
30890
30866
30845
30819
30803
30786
30776
30747
30734
30686
30655
30634
30609
30594
30575
30552
30519
30495
30479
30461
30449
30436
30420
30407
30393
30383
30359
30343
30327
30315
30304
30292
30253
30242
30226
30202
30192
30181
30049
30033
30012
29997
29985
29975
29962
29944
29928
29902
29873
29860
29842
29832
29820
29781
29769
29753
29733
29713
29683
29669
29651
29634
29615
29595
29582
29556
29540
29529
29510
29458
29446
29391
29375
29339
29308
29273
29255
29157
29111
29083
29067
28989
28957
28926
28916
28902
28885
28851
28809
28764
28754
28744
28714
28693
28676
28659
28640
28627
28612
28581
28568
28543
28523
28505
28485
28462
28445
28428
28416
28389
28339
28318
28305
28282
28261
28248
28235
28214
28203
28176
28156
28109
28093
28075
28046
28020
28003
27991
27980
27962
27941
27924
27911
27893
27871
27861
27851
27830
27755
27743
27733
27719
27709
27682
27641
27620
27601
27585
27575
27556
27542
27530
27516
27483
27470
27450
27434
27422
27401
27335
27317
27305
27271
27257
27235
27216
27205
27193
27183
27162
27152
27118
27102
27087
27035
26984
26969
26948
26910
26899
26881
26858
26845
26829
26818
26806
26757
26729
26699
26683
26664
26630
26618
26602
26592
26582
26560
26550
26533
26523
26463
26451
26434
26420
26384
26353
26340
26311
26289
26275
26260
26243
26229
26217
26193
26175
26148
26129
26118
26106
26073
26056
26046
26029
26014
25998
25980
25950
25940
25930
25914
25903
25889
25879
25840
25830
25810
25788
25758
25748
25738
25718
25701
25691
25669
25653
25637
25619
25604
25594
25577
25566
25542
25497
25484
25470
25448
25435
25424
25409
25397
25382
25371
25354
25321
25296
25278
25267
25233
25221
25208
25186
25168
25148
25132
25116
25097
25084
25062
25049
25025
25012
24967
24952
24920
24901
24887
24865
24850
24836
24818
24800
24788
24773
24742
24706
24687
24672
24662
24634
24617
24604
24589
24579
24556
24546
24536
24526
24514
24500
24480
24451
24441
24431
24417
24354
24316
24291
24271
24257
24243
24210
24198
24179
24164
24151
24138
24127
24110
24099
24081
24046
24011
23994
23971
23958
23945
23935
23925
23904
23892
23881
23870
23856
23841
23829
23819
23809
23798
23757
23732
23722
23711
23695
23679
23668
23656
23642
23632
23622
23610
23596
23572
23559
23547
23525
23513
23503
23487
23470
23460
23440
23430
23420
23393
23371
23359
23281
23266
23220
23196
23158
23132
23107
23094
22903
22889
22876
22863
20213
20198
20170
19670
19580
19549
19532
19519
19512
19505
19479
19455
19445
19428
19422
19414
19408
19400
19380
19369
19363
19346
19340
19334
19326
19306
19279
19264
19254
19240
19232
19223
19213
19183
19176
19167
19161
19154
19148
19141
19130
19103
19093
19081
19075
19065
19059
19044
19017
19010
19004
18981
18971
18957
18945
18937
18918
18911
18901
18890
18878
18866
18859
18830
18819
18806
18794
18785
18778
18772
18764
18735
18709
18698
18689
18683
18672
18659
18651
18643
18637
18629
18615
18608
18599
18590
18584
18578
18570
18564
18557
18551
18543
18522
18499
18492
18483
18471
18465
18459
18450
18442
18434
18425
18419
18387
18377
18370
18350
18340
18332
18319
18311
18305
18299
18292
18284
18278
18255
18240
18229
18221
18214
18205
18199
18193
18186
18180
18164
18131
18115
18109
18101
18084
18078
18063
18047
18041
18033
18014
17999
17993
17982
17973
17948
17929
17912
17903
17894
17870
17858
17852
17841
17831
17818
17811
17802
17787
17774
17741
17735
17715
17706
17696
17681
17675
17661
17653
17645
17639
17633
17625
17584
17578
17570
17554
17544
17534
17526
17518
17507
17499
17487
17475
17450
17444
17438
17413
17401
17390
17374
17356
17350
17336
17328
17320
17302
17288
17266
17258
17249
17230
17222
17212
17202
17191
17184
17177
17166
17159
17149
17138
17107
17101
17092
17086
17075
17069
17063
17051
17033
17025
16996
16988
16977
16971
16958
16946
16925
16910
16878
16869
16856
16847
16837
16830
16818
16801
16795
16789
16775
16769
16759
16748
16737
16729
16720
16710
16697
16689
16677
16670
16664
16658
16644
16633
16627
16618
16607
16593
16582
16574
16568
16562
16553
16544
16535
16527
16521
16515
16509
16489
16474
16463
16457
16451
16442
16436
16428
16422
16409
16387
16381
16375
16366
16359
16340
16324
16315
16309
16300
16276
16256
16248
16241
16229
16220
16214
16202
16188
16182
16175
16169
16163
16156
16148
16136
16122
16116
16110
16101
16094
16084
16071
16064
16052
16041
16028
16007
15986
15978
15972
15963
15954
15945
15939
15927
15913
15906
15884
15876
15864
15855
15849
15843
15837
15829
15823
15817
15809
15802
15791
15783
15776
15767
15756
15742
15732
15726
15717
15710
15703
15693
15683
15675
15668
15660
15653
15646
15629
15615
15605
15597
15572
15565
15558
15540
15523
15517
15500
15493
15487
15467
15453
15447
15431
15420
15410
15400
15388
15376
15370
15357
15350
15344
15336
15326
15316
15308
15298
15292
15278
15266
15256
15247
15240
15234
15223
15208
15202
15194
15181
15175
15167
15156
15146
15139
15129
15118
15111
15105
15098
15082
15075
15069
15060
15053
15026
15020
15013
14991
14979
14973
14967
14959
14953
14939
14925
14916
14910
14902
14876
14870
14861
14850
14844
14836
14818
14807
14801
14792
14781
14774
14767
14759
14747
14741
14730
14724
14711
14702
14696
14687
14676
14664
14656
14639
14633
14625
14619
14613
14591
14584
14568
14562
14552
14542
14536
14527
14515
14506
14498
14490
14476
14470
14464
14439
14426
14415
14401
14395
14386
14377
14371
14362
14356
14348
14339
14326
14318
14300
14292
14283
14276
14261
14255
14245
14226
14220
14208
14201
14188
14182
14171
14161
14155
14140
14127
14120
14114
14106
14100
14083
14077
14068
14061
14051
14045
14038
14032
14024
14014
14007
13993
13985
13965
13957
13943
13932
13917
13908
13899
13893
13884
13872
13858
13849
13843
13835
13819
13810
13803
13793
13787
13778
13771
13765
13756
13747
13739
13730
13720
13713
13705
13692
13686
13677
13668
13660
13652
13642
13636
13630
13606
13599
13591
13585
13577
13552
13533
13519
13513
13501
13494
13483
13472
13464
13456
13449
13438
13432
13424
13417
13411
13405
13396
13389
13382
13371
13358
13345
13339
13326
13318
13311
13305
13296
13288
13281
13272
13265
13254
13248
13242
13235
13229
13223
13213
13201
13194
13188
13181
13174
13168
13159
13139
13128
13118
13109
13102
13082
13076
13068
13062
13050
13034
13018
13000
12994
12988
12976
12969
12961
12955
12949
12943
12937
12931
12922
12916
12908
12900
12891
12884
12877
12865
12854
12841
12833
12825
12816
12803
12795
12788
12782
12775
12767
12761
12746
12728
12714
12708
12702
12695
12680
12674
12667
12660
12654
12646
12640
12631
12625
12614
12603
12595
12585
12578
12567
12545
12532
12525
12518
12511
12500
12493
12476
12460
12454
12446
12434
12422
12414
12408
12397
12382
12371
12364
12358
12349
12336
12329
12323
12317
12307
12296
12286
12280
12266
12259
12252
12244
12235
12225
12219
12213
12207
12195
12178
12135
12129
12123
12117
12109
10908
10900
10893
10617
10523
10512
10503
10484
10473
10463
10456
10453
10450
10447
10443
10440
10437
10434
10428
10423
10420
10416
10413
10410
10407
10403
10399
10391
10385
10381
10378
10374
10369
10366
10363
10360
10356
10353
10350
10347
10344
10340
10336
10333
10329
10324
10321
10315
10312
10309
10304
10293
10287
10284
10281
10275
10272
10269
10265
10262
10258
10254
10251
10248
10245
10242
10239
10236
10233
10230
10225
10222
10217
10214
10211
10208
10205
10202
10198
10190
10186
10182
10179
10176
10172
10168
10165
10162
10159
10156
10153
10150
10147
10143
10140
10137
10134
10130
10127
10123
10120
10116
10111
10108
10102
10099
10095
10091
10085
10079
10076
10073
10070
10067
10064
10061
10057
10054
10051
10048
10045
10042
10039
10036
10032
10029
10026
10022
10018
10014
10011
10007
10004
10001
9996
9993
9990
9986
9983
9980
9977
9972
9969
9966
9963
9956
9953
9950
9947
9942
9939
9936
9933
9930
9926
9921
9917
9914
9911
9908
9904
9901
9897
9894
9889
9886
9883
9878
9874
9871
9866
9863
9857
9854
9851
9848
9845
9842
9839
9836
9833
9830
9827
9824
9819
9816
9811
9808
9801
9798
9795
9791
9788
9776
9773
9770
9767
9764
9760
9757
9754
9751
9746
9743
9739
9735
9731
9728
9725
9722
9719
9715
9709
9706
9703
9697
9693
9690
9687
9683
9679
9676
9673
9665
9662
9659
9647
9644
9640
9636
9633
9630
9627
9622
9618
9613
9610
9606
9603
9599
9593
9590
9587
9581
9577
9574
9570
9561
9558
9555
9551
9543
9539
9536
9533
9530
9527
9517
9508
9505
9501
9497
9494
9491
9486
9483
9480
9476
9471
9468
9465
9462
9459
9456
9453
9450
9447
9441
9438
9434
9428
9423
9419
9412
9409
9406
9403
9400
9396
9391
9388
9385
9379
9376
9373
9370
9367
9357
9354
9350
9347
9344
9339
9336
9333
9329
9325
9320
9317
9314
9311
9307
9303
9300
9295
9292
9283
9280
9277
9272
9269
9265
9262
9259
9255
9252
9248
9243
9240
9236
9233
9230
9226
9222
9219
9215
9208
9205
9202
9199
9192
9189
9186
9183
9180
9177
9174
9171
9168
9162
9157
9151
9144
9141
9136
9133
9130
9126
9122
9119
9114
9108
9105
9101
9097
9094
9088
9085
9082
9079
9076
9070
9066
9063
9060
9057
9050
9047
9044
9040
9034
9029
9026
9023
9015
9012
9008
9005
9001
8997
8994
8990
8987
8984
8980
8977
8972
8969
8965
8961
8958
8955
8952
8949
8946
8943
8940
8936
8933
8930
8927
8923
8920
8917
8914
8911
8907
8904
8899
8896
8892
8889
8886
8882
8879
8876
8873
8870
8865
8859
8856
8852
8848
8845
8841
8838
8833
8830
8826
8822
8819
8815
8809
8806
8803
8800
8797
8794
8791
8788
8785
8782
8779
8775
8772
8769
8766
8758
8754
8751
8747
8742
8739
8734
8731
8728
8725
8721
8718
8714
8711
8708
8704
8699
8695
8691
8688
8685
8682
8677
8673
8670
8667
8663
8660
8657
8654
8651
8647
8642
8639
8636
8633
8628
8624
8621
8618
8615
8612
8609
8603
8600
8597
8594
8590
8587
8584
8580
8577
8574
8570
8565
8561
8558
8555
8552
8549
8546
8541
8537
8534
8530
8525
8519
8516
8511
8508
8501
8498
8495
8492
8487
8484
8480
8475
8472
8467
8464
8459
8455
8452
8447
8438
8435
8431
8428
8425
8420
8415
8412
8409
8406
8403
8399
8395
8392
8384
8381
8378
8371
8368
8364
8359
8356
8353
8350
8345
8342
8338
8334
8331
8328
8323
8320
8315
8312
8307
8304
8301
8298
8295
8292
8287
8283
8280
8275
8270
8267
8264
8261
8257
8253
8249
8246
8242
8239
8236
8233
8229
8226
8223
8220
8216
8212
8209
8206
8203
8200
8196
8191
8184
8181
8177
8174
8171
8166
8163
8160
8157
8154
8150
8146
8142
8139
8136
8130
8127
8124
8120
8116
8113
8110
8107
8104
8100
8097
8093
8088
8082
8079
8076
8072
8069
8066
8063
8060
8057
8054
8051
8048
8045
8042
8038
8035
8031
8027
8024
8020
8015
8012
8009
8006
7999
7996
7993
7990
7987
7981
7976
7968
7965
7962
7955
7952
7949
7945
7942
7938
7935
7932
7927
7924
7921
7918
7915
7910
7906
7903
7900
7897
7894
7890
7886
7882
7879
7876
7873
7870
7866
7863
7860
7855
7852
7849
7845
7841
7838
7833
7830
7827
7824
7821
7818
7814
7811
7808
7805
7802
7799
7796
7792
7789
7786
7782
7779
7776
7773
7770
7763
7759
7756
7753
7750
7746
7740
7737
7733
7729
7726
7723
7720
7717
7714
7711
7708
7705
7702
7699
7695
7691
7688
7684
7681
7678
7674
7671
7668
7665
7662
7659
7656
7653
7650
7647
7641
7637
7634
7631
7628
7625
7621
7617
7614
7611
7607
7604
7599
7594
7591
7588
7584
7581
7578
7575
7572
7568
7565
7562
7559
7556
7553
7550
7547
7544
7541
7538
7534
7531
7528
7525
7522
7518
7515
7511
7508
7505
7501
7497
7494
7490
7487
7483
7480
7477
7474
7470
7466
7463
7460
7457
7454
7451
7448
7445
7442
7439
7436
7433
7430
7427
7423
7418
7415
7411
7408
7405
7398
7394
7390
7387
7384
7381
7378
7374
7371
7368
7365
7362
7359
7356
7353
7350
7347
7344
7341
7336
7333
7330
7327
7324
7318
7315
7310
7307
7304
7301
7298
7295
7290
7285
7282
7279
7276
7273
7269
7264
7261
7251
7248
7245
7241
7235
7231
7228
7222
7218
7215
7212
7209
7206
7202
7198
7195
7192
7189
7186
7182
7179
7174
7170
7167
7162
7159
7156
7152
7148
7145
7142
7138
7135
7132
7129
7126
7123
7120
7117
7114
7111
7108
7105
7102
7099
7091
7088
7084
7080
7076
7072
7068
7064
7061
7058
7054
7051
7048
7044
7040
7036
7033
7030
7027
7024
7020
7016
7011
7007
7004
7001
6997
6994
6991
6987
6984
6981
6978
6975
6971
6968
6965
6962
6959
6956
6953
6950
6947
6944
6941
6938
6934
6931
6928
6925
6922
6918
6914
6911
6908
6904
6900
6897
6892
6889
6885
6881
6878
6875
6871
6867
6861
6857
6854
6851
6848
6845
6842
6839
6835
6832
6829
6825
6822
6819
6816
6813
6808
6804
6801
6798
6795
6792
6789
6786
6783
6780
6777
6773
6770
6766
6757
6752
6749
6745
6742
6739
6736
6733
6729
6725
6722
6718
6715
6712
6709
6705
6702
6699
6696
6693
6690
6686
6682
6677
6674
6671
6668
6663
6659
6652
6649
6646
6643
6639
6636
6633
6630
6624
6621
6618
6615
6612
6608
6604
6600
6596
6592
6588
6585
6582
6579
6573
6570
6567
6564
6560
6556
6553
6549
6545
6542
6539
6536
6533
6530
6525
6521
6518
6515
6512
6508
6505
6502
6499
6496
6492
6489
6486
6483
6480
6477
6474
6471
6468
6464
6456
6452
6449
6446
6443
6440
6436
6432
6429
6425
6421
6417
6414
6411
6408
6405
6401
6398
6395
6392
6389
6386
6383
6379
6376
6373
6369
6366
6363
6360
6357
6353
6350
6347
6344
6341
6338
6335
6332
6329
6325
6321
6318
6315
6312
6308
6305
6302
6299
6295
6292
6288
6285
6282
6277
6274
6271
6268
6265
6261
6258
6255
6251
6247
6244
6240
6237
6234
6231
6228
6225
6222
6217
6214
6211
6208
6205
6201
6197
6193
6189
6186
6180
6177
6174
6170
6167
6163
6160
6157
6154
6151
6148
6145
6142
6138
6135
6132
6129
6126
6123
6119
6116
6112
6107
6103
6100
6097
6093
6089
6083
6080
6077
6074
6071
6068
6064
6061
6058
6055
6052
6049
6046
6043
6039
6036
6033
6028
6024
6021
6018
6015
6012
6009
6006
6003
6000
5997
5993
5990
5987
5984
5981
5978
5975
5971
5968
5964
5961
5957
5954
5950
5947
5944
5940
5937
5934
5931
5928
5924
5921
5918
5915
5912
5909
5906
5903
5900
5897
5894
5891
5888
5885
5882
5879
5876
5871
5868
5865
5862
5859
5856
5853
5850
5847
5844
5841
5838
5835
5832
5828
5825
5821
5817
5814
5811
5808
5805
5802
5799
5796
5793
5789
5786
5783
5780
5777
5774
5770
5767
5763
5760
5756
5752
5749
5746
5743
5740
5736
5733
5729
5726
5723
5720
5717
5713
5709
5706
5703
5700
5695
5691
5687
5683
5679
5676
5672
5667
5663
5660
5657
5653
5649
5646
5642
5639
5636
5632
5627
5622
5619
5616
5613
5610
5607
5604
5601
5598
5595
5591
5587
5584
5581
5578
5575
5572
5569
5566
5563
5560
5556
5553
5550
5547
5544
5541
5538
5535
5532
5529
5525
5522
5519
5515
5511
5508
5505
5502
5499
5496
5492
5489
5486
5483
5480
5476
5473
5469
5465
5461
5458
5455
5452
5447
5443
5439
5435
5432
5428
5424
5421
5418
5415
5412
5408
5404
5401
5398
5395
5392
5389
5386
5383
5380
5376
5373
5370
5367
5364
5361
5358
5355
5352
5347
5344
5341
5338
5333
5330
5327
5324
5321
5318
5315
5312
5309
5305
5300
5297
5294
5291
5288
5285
5282
5278
5275
5271
5268
5265
5262
5258
5255
5252
5249
5246
5243
5240
5236
5233
5230
5226
5223
5220
5217
5214
5211
5208
5205
5202
5198
5195
5191
5188
5185
5181
5176
5173
5169
5166
5163
5160
5157
5151
5147
5144
5140
5135
5132
5129
5125
5122
5119
5116
5113
5110
5107
5104
5101
5098
5095
5091
5088
5085
5082
5079
5076
5073
5068
5064
5061
5058
5055
5052
5049
5045
5042
5039
5036
5033
5030
5027
5023
5020
5017
5014
5011
5008
5004
5001
4998
4993
4989
4986
4983
4980
4977
4973
4970
4967
4964
4961
4957
4954
4951
4948
4945
4942
4939
4936
4933
4929
4926
4923
4920
4917
4913
4910
4907
4904
4901
4898
4895
4891
4888
4885
4882
4879
4876
4872
4860
4857
4854
4851
4848
4845
4842
4839
4836
4833
4830
4827
4824
4821
4818
4815
4812
4809
4806
4803
4800
4797
4794
4791
4788
4785
4782
4779
4776
4773
4770
4767
4764
4761
4758
4755
4752
4749
4746
4743
