21363
21338
21316
21282
21250
21175
21105
21091
20948
20922
20909
20765
20741
20729
20717
20705
20693
20528
20517
20506
20495
20484
20473
20462
20252
20222
20212
20202
20192
20182
20172
20162
20152
20142
19800
19782
19764
19755
19746
19737
19728
19719
19710
19701
19692
19683
19674
19665
19656
19647
19638
19629
19277
19237
19221
19213
19205
19197
19189
19181
19173
19165
19157
19149
19141
19133
19125
19117
19109
19101
19093
19085
19077
19069
19061
19053
19045
19037
19029
19021
19013
19005
18997
18989
18981
18519
18442
18414
18400
18393
18386
18379
18372
18365
18358
18351
18344
18337
18330
18323
18316
18309
18302
18295
18288
18281
18274
18267
18260
18253
18246
18239
18232
18225
18218
18211
18204
18197
18190
18183
18176
18169
18162
18155
18148
18141
18134
18127
18120
18113
18106
18099
18092
18085
18078
18071
17501
17411
17399
17387
17381
17375
17369
17363
17357
17351
17345
17339
17333
17327
17321
17315
17309
17303
17297
17291
17285
17279
17273
17267
17261
17255
17249
17243
17237
17231
17225
17219
17213
17207
17201
17195
17189
17183
17177
17171
17165
17159
17153
17147
17141
17135
17129
17123
17117
17111
17105
17099
17093
17087
17081
17075
17069
17063
17057
17051
17045
17039
17033
17027
17021
17015
17009
17003
16997
16991
16985
16979
16973
16967
16961
16955
16949
16943
16937
16931
16925
16919
16913
16907
16901
16895
16889
16883
16877
16871
16865
16859
16853
16847
16841
16835
16829
16109
16103
15983
15963
15953
15948
15943
15938
15933
15928
15923
15918
15913
15908
15903
15898
15893
15888
15883
15878
15873
15868
15863
15858
15853
15848
15843
15838
15833
15828
15823
15818
15813
15808
15803
15798
15793
15788
15783
15778
15773
15768
15763
15758
15753
15748
15743
15738
15733
15728
15723
15718
15713
15708
15703
15698
15693
15688
15683
15678
15673
15668
15663
15658
15653
15648
15643
15638
15633
15628
15623
15618
15613
15608
15603
15598
15593
15588
15583
15578
15573
15568
15563
15558
15553
15548
15543
15538
15533
15528
15523
15518
15513
15508
15503
15498
15493
15488
15483
15478
15473
15468
15463
15458
15453
15448
15443
15438
15433
15428
15423
15418
15413
15408
15403
15398
15393
15388
15383
15378
15373
15368
15363
15358
15353
15348
15343
15338
15333
15328
15323
15318
15313
15308
15303
15298
15293
15288
15283
15278
15273
15268
15263
15258
15253
15248
15243
15238
15233
15228
15223
15218
15213
15208
15203
15198
15193
15188
15183
15178
15173
15168
15163
15158
15153
15148
15143
15138
15133
15128
15123
15118
15113
15108
15103
15098
15093
15088
15083
15078
15073
15068
15063
15058
15053
15048
15043
15038
14074
13930
13910
13898
13886
13878
13874
13870
13866
13862
13858
13854
13850
13846
13842
13838
13834
13830
13826
13822
13818
13814
13810
13806
13802
13798
13794
13790
13786
13782
13778
13774
13770
13766
13762
13758
13754
13750
13746
13742
13738
13734
13730
13726
13722
13718
13714
13710
13706
13702
13698
13694
13690
13686
13682
13678
13674
13670
13666
13662
13658
13654
13650
13646
13642
13638
13634
13630
13626
13622
13618
13614
13610
13606
13602
13598
13594
13590
13586
13582
13578
13574
13570
13566
13562
13558
13554
13550
13546
13542
13538
13534
13530
13526
13522
13518
13514
13510
13506
13502
13498
13494
13490
13486
13482
13478
13474
13470
13466
13462
13458
13454
13450
13446
13442
13438
13434
13430
13426
13422
13418
13414
13410
13406
13402
13398
13394
13390
13386
13382
13378
13374
13370
13366
13362
13358
13354
13350
13346
13342
13338
13334
13330
13326
13322
13318
13314
13310
13306
13302
13298
13294
13290
13286
13282
13278
13274
13270
13266
13262
13258
13254
13250
13246
13242
13238
13234
13230
13226
13222
13218
13214
13210
13206
13202
13198
13194
13190
13186
13182
13178
13174
13170
13166
13162
13158
13154
13150
13146
13142
13138
13134
13130
13126
13122
13118
13114
13110
13106
13102
13098
13094
13090
13086
13082
13078
13074
13070
13066
13062
13058
13054
13050
13046
13042
13038
13034
13030
13026
13022
13018
13014
13010
13006
13002
12998
12994
12990
12986
12982
12978
12974
12970
12966
12962
12958
12954
12950
12946
12942
12938
12934
12930
12926
12922
12918
12914
12910
12906
12902
12898
12894
12890
12886
12882
12878
12874
12870
12866
12862
12858
12854
12850
12846
12842
12838
12834
12830
12826
12822
12818
12814
12810
12806
12802
12798
12794
12790
12786
12782
12778
12774
12770
12766
12762
12758
12754
12750
12746
12742
12738
12734
12730
12726
12722
12718
12714
12710
12706
12702
12698
12694
12690
12686
12682
12678
12674
12670
12666
12662
12658
12654
12650
12646
12642
12638
12634
12630
12626
12622
12618
12614
12610
12606
12602
12598
12594
12590
12586
12582
12578
12574
12570
12566
12562
12558
12554
12550
12546
12542
12538
12534
12530
12526
12522
12518
12514
12510
12506
12502
12498
12494
12490
12486
12482
12478
12474
12470
12466
12462
12458
12454
12450
12446
12442
12438
12434
12430
12426
12422
12418
12414
12410
12406
12402
12398
12394
12390
12386
12382
12378
12374
12370
12366
12362
12358
12354
12350
12346
12342
12338
12334
12330
12326
12322
12318
12314
11285
11281
11277
11097
11064
11055
11049
11046
11043
11040
11037
11034
11031
11028
11025
11022
11019
11016
11013
11010
11007
11004
11001
10998
10995
10992
10989
10986
10983
10980
10977
10974
10971
10968
10965
10962
10959
10956
10953
10950
10947
10944
10941
10938
10935
10932
10929
10926
10923
10920
10917
10914
10911
10908
10905
10902
10899
10896
10893
10890
10887
10884
10881
10878
10875
10872
10869
10866
10863
10860
10857
10854
10851
10848
10845
10842
10839
10836
10833
10830
10827
10824
10821
10818
10815
10812
10809
10806
10803
10800
10797
10794
10791
10788
10785
10782
10779
10776
10773
10770
10767
10764
10761
10758
10755
10752
10749
10746
10743
10740
10737
10734
10731
10728
10725
10722
10719
10716
10713
10710
10707
10704
10701
10698
10695
10692
10689
10686
10683
10680
10677
10674
10671
10668
10665
10662
10659
10656
10653
10650
10647
10644
10641
10638
10635
10632
10629
10626
10623
10620
10617
10614
10611
10608
10605
10602
10599
10596
10593
10590
10587
10584
10581
10578
10575
10572
10569
10566
10563
10560
10557
10554
10551
10548
10545
10542
10539
10536
10533
10530
10527
10524
10521
10518
10515
10512
10509
10506
10503
10500
10497
10494
10491
10488
10485
10482
10479
10476
10473
10470
10467
10464
10461
10458
10455
10452
10449
10446
10443
10440
10437
10434
10431
10428
10425
10422
10419
10416
10413
10410
10407
10404
10401
10398
10395
10392
10389
10386
10383
10380
10377
10374
10371
10368
10365
10362
10359
10356
10353
10350
10347
10344
10341
10338
10335
10332
10329
10326
10323
10320
10317
10314
10311
10308
10305
10302
10299
10296
10293
10290
10287
10284
10281
10278
10275
10272
10269
10266
10263
10260
10257
10254
10251
10248
10245
10242
10239
10236
10233
10230
10227
10224
10221
10218
10215
10212
10209
10206
10203
10200
10197
10194
10191
10188
10185
10182
10179
10176
10173
10170
10167
10164
10161
10158
10155
10152
10149
10146
10143
10140
10137
10134
10131
10128
10125
10122
10119
10116
10113
10110
10107
10104
10101
10098
10095
10092
10089
10086
10083
10080
10077
10074
10071
10068
10065
10062
10059
10056
10053
10050
10047
10044
10041
10038
10035
10032
10029
10026
10023
10020
10017
10014
10011
10008
10005
10002
9999
9996
9993
9990
9987
9984
9981
9978
9975
9972
9969
9966
9963
9960
9957
9954
9951
9948
9945
9942
9939
9936
9933
9930
9927
9924
9921
9918
9915
9912
9909
9906
9903
9900
9897
9894
9891
9888
9885
9882
9879
9876
9873
9870
9867
9864
9861
9858
9855
9852
9849
9846
9843
9840
9837
9834
9831
9828
9825
9822
9819
9816
9813
9810
9807
9804
9801
9798
9795
9792
9789
9786
9783
9780
9777
9774
9771
9768
9765
9762
9759
9756
9753
9750
9747
9744
9741
9738
9735
9732
9729
9726
9723
9720
9717
9714
9711
9708
9705
9702
9699
9696
9693
9690
9687
9684
9681
9678
9675
9672
9669
9666
9663
9660
9657
9654
9651
9648
9645
9642
9639
9636
9633
9630
9627
9624
9621
9618
9615
9612
9609
9606
9603
9600
9597
9594
9591
9588
9585
9582
9579
9576
9573
9570
9567
9564
9561
9558
9555
9552
9549
9546
9543
9540
9537
9534
9531
9528
9525
9522
9519
9516
9513
9510
9507
9504
9501
9498
9495
9492
9489
9486
9483
9480
9477
9474
9471
9468
9465
9462
9459
9456
9453
9450
9447
9444
9441
9438
9435
9432
9429
9426
9423
9420
9417
9414
9411
9408
9405
9402
9399
9396
9393
9390
9387
9384
9381
9378
9375
9372
9369
9366
9363
9360
9357
9354
9351
9348
9345
9342
9339
9336
9333
9330
9327
9324
9321
9318
9315
9312
9309
9306
9303
9300
9297
9294
9291
9288
9285
9282
9279
9276
9273
9270
9267
9264
9261
9258
9255
9252
9249
9246
9243
9240
9237
9234
9231
9228
9225
9222
9219
9216
9213
9210
9207
9204
9201
9198
9195
9192
9189
9186
9183
9180
9177
9174
9171
9168
9165
9162
9159
9156
9153
9150
9147
9144
9141
9138
9135
9132
9129
9126
9123
9120
9117
9114
9111
9108
9105
9102
9099
9096
9093
9090
9087
9084
9081
9078
9075
9072
9069
9066
9063
9060
9057
9054
9051
9048
9045
9042
9039
9036
9033
9030
9027
9024
9021
9018
9015
9012
9009
9006
9003
9000
8997
8994
8991
8988
8985
8982
8979
8976
8973
8970
8967
8964
8961
8958
8955
8952
8949
8946
8943
8940
8937
8934
8931
8928
8925
8922
8919
8916
8913
8910
8907
8904
8901
8898
8206
8203
8200
8044
7992
7989
7986
7976
7970
7964
7960
7958
7956
7954
7952
7950
7948
7946
7944
7942
7940
7938
7936
7934
7932
7930
7928
7926
7924
7922
7920
7918
7916
7914
7912
7910
7908
7906
7904
7902
7900
7898
7896
7894
7892
7890
7888
7886
7884
7882
7880
7878
7876
7874
7872
7870
7868
7866
7864
7862
7860
7858
7856
7854
7852
7850
7848
7846
7844
7842
7840
7838
7836
7834
7832
7830
7828
7826
7824
7822
7820
7818
7816
7814
7812
7810
7808
7806
7804
7802
7800
7798
7796
7794
7792
7790
7788
7786
7784
7782
7780
7778
7776
7774
7772
7770
7768
7766
7764
7762
7760
7758
7756
7754
7752
7750
7748
7746
7744
7742
7740
7738
7736
7734
7732
7730
7728
7726
7724
7722
7720
7718
7716
7714
7712
7710
7708
7706
7704
7702
7700
7698
7696
7694
7692
7690
7688
7686
7684
7682
7680
7678
7676
7674
7672
7670
7668
7666
7664
7662
7660
7658
7656
7654
7652
7650
7648
7646
7644
7642
7640
7638
7636
7634
7632
7630
7628
7626
7624
7622
7620
7618
7616
7614
7612
7610
7608
7606
7604
7602
7600
7598
7596
7594
7592
7590
7588
7586
7584
7582
7580
7578
7576
7574
7572
7570
7568
7566
7564
7562
7560
7558
7556
7554
7552
7550
7548
7546
7544
7542
7540
7538
7536
7534
7532
7530
7528
7526
7524
7522
7520
7518
7516
7514
7512
7510
7508
7506
7504
7502
7500
7498
7496
7494
7492
7490
7488
7486
7484
7482
7480
7478
7476
7474
7472
7470
7468
7466
7464
7462
7460
7458
7456
7454
7452
7450
7448
7446
7444
7442
7440
7438
7436
7434
7432
7430
7428
7426
7424
7422
7420
7418
7416
7414
7412
7410
7408
7406
7404
7402
7400
7398
7396
7394
7392
7390
7388
7386
7384
7382
7380
7378
7376
7374
7372
7370
7368
7366
7364
7362
7360
7358
7356
7354
7352
7350
7348
7346
7344
7342
7340
7338
7336
7334
7332
7330
7328
7326
7324
7322
7320
7318
7316
7314
7312
7310
7308
7306
7304
7302
7300
7298
7296
7294
7292
7290
7288
7286
7284
7282
7280
7278
7276
7274
7272
7270
7268
7266
7264
7262
7260
7258
7256
7254
7252
7250
7248
7246
7244
7242
7240
7238
7236
7234
7232
7230
7228
7226
7224
7222
7220
7218
7216
7214
7212
7210
7208
7206
7204
7202
7200
7198
7196
7194
7192
7190
7188
7186
7184
7182
7180
7178
7176
7174
7172
7170
7168
7166
7164
7162
7160
7158
7156
7154
7152
7150
7148
7146
7144
7142
7140
7138
7136
7134
7132
7130
7128
7126
7124
7122
7120
7118
7116
7114
7112
7110
7108
7106
7104
7102
7100
7098
7096
7094
7092
7090
7088
7086
7084
7082
7080
7078
7076
7074
7072
7070
7068
7066
7064
7062
7060
7058
7056
7054
7052
7050
7048
7046
7044
7042
7040
7038
7036
7034
7032
7030
7028
7026
7024
7022
7020
7018
7016
7014
7012
7010
7008
7006
7004
7002
7000
6998
6996
6994
6992
6990
6988
6986
6984
6982
6980
6978
6976
6974
6972
6970
6968
6966
6964
6962
6960
6958
6956
6954
6952
6950
6948
6946
6944
6942
6940
6938
6936
6934
6932
6930
6928
6926
6924
6922
6920
6918
6916
6914
6912
6910
6908
6906
6904
6902
6900
6898
6896
6894
6892
6890
6888
6886
6884
6882
6880
6878
6876
6874
6872
6870
6868
6866
6864
6862
6860
6858
6856
6854
6852
6850
6848
6846
6844
6842
6840
6838
6836
6834
6832
6830
6828
6826
6824
6822
6820
6818
6816
6814
6812
6810
6808
6806
6804
6802
6800
6798
6796
6794
6792
6790
6788
6786
6784
6782
6780
6778
6776
6774
6772
6770
6768
6766
6764
6762
6760
6758
6756
6754
6752
6750
6748
6746
6744
6742
6740
6738
6736
6734
6732
6730
6728
6726
6724
6722
6720
6718
6716
6714
6712
6710
6708
6706
6704
6702
6700
6698
6696
6694
6692
6690
6688
6686
6684
6682
6680
6678
6676
6674
6672
6670
6668
6666
6664
6662
6660
6658
6656
6654
6652
6650
6648
6646
6644
6642
6640
6638
6636
6634
6632
6630
6628
6626
6624
6622
6620
6618
6616
6614
6612
6610
6608
6606
6604
6602
6600
6598
6596
6594
6592
6590
6588
6586
6584
6582
6580
6578
6576
6574
6572
6570
6568
6566
6564
6562
6560
6558
6556
6554
6552
6550
6548
6546
6544
6542
6540
6538
6536
6534
6532
6530
6528
6526
6524
6522
6520
6518
6516
6514
6512
6510
6508
6506
6504
6502
6500
6498
6496
6494
6492
6490
6488
6486
6484
6482
6480
6478
6476
6474
6472
6470
6468
6466
6464
6462
6460
6458
6456
6454
6452
6450
6448
6446
6444
6442
6440
6438
6436
6434
6432
6430
6428
6426
6424
6422
6420
6418
6416
6414
6412
6410
6408
6406
6404
6402
6400
6398
6396
6394
6392
6390
6388
6386
6384
6382
6380
6378
6376
6374
6372
6370
6368
6366
6364
6362
6360
6358
6356
6354
6352
6350
6348
6346
6344
6342
6340
6338
6336
6334
6332
6330
6328
6326
6324
6322
6320
6318
6316
6314
6312
6310
6308
6306
6304
6302
6300
6298
6296
6294
6292
6290
6288
6286
6284
6282
6280
6278
6276
6274
6272
6270
6268
6266
6264
6262
6260
6258
6256
6254
6252
6250
6248
6246
6244
6242
6240
6238
6236
6234
6232
6230
6228
6226
6224
6222
6220
6218
6216
6214
6212
6210
6208
6206
6204
6202
6200
6198
6196
6194
6192
6190
6188
6186
6184
6182
6180
6178
6176
6174
6172
6170
6168
6166
6164
6162
6160
6158
6156
6154
6152
6150
6148
6146
6144
6142
6140
6138
6136
6134
6132
6130
6128
6126
6124
6122
6120
6118
6116
6114
6112
6110
6108
6106
6104
6102
6100
6098
6096
6094
6092
6090
6088
6086
6084
6082
6080
6078
6076
6074
6072
6070
6068
6066
6064
6062
6060
6058
6056
6054
6052
6050
6048
6046
6044
6042
6040
6038
6036
6034
6032
6030
6028
6026
6024
6022
6020
6018
6016
6014
6012
6010
6008
6006
6004
6002
6000
5998
5996
5994
5992
5990
5988
5986
5984
5982
5980
5978
5976
5974
5972
5970
5968
5966
5964
5962
5960
5958
5956
5954
5952
5950
5948
5946
5944
5942
5940
5938
5936
5934
5932
5930
5928
5926
5924
5922
5920
5918
5916
5914
5912
5910
5908
5906
5904
5902
5900
5898
5896
5894
5892
5890
5888
5886
5884
5882
5880
5878
5876
5874
5872
5870
5868
5866
5864
5862
5860
5858
5856
5854
5852
5850
5848
5846
5844
5842
5840
5838
5836
5834
5832
5830
5828
5826
5824
5822
5820
5818
5816
5814
5812
5810
5808
5806
5804
5802
5800
5798
5796
5794
5792
5790
5788
5786
5784
5782
5780
5778
5776
5774
5772
5770
5768
5766
5764
5762
5760
5758
5756
5754
5752
5750
5748
5746
5744
5742
5740
5738
5736
5734
5732
5730
5728
5726
5724
5722
5720
5718
5716
5714
5712
5710
5708
5706
5704
5702
5700
5698
5696
5694
5692
5690
5688
5686
5684
5682
5680
5678
5676
5674
5672
5670
5668
5666
5664
5662
5660
5658
5656
5654
5652
5650
5648
5646
5644
5642
5640
5638
5636
5634
5632
5630
5628
5626
5624
5622
5620
5618
5616
5614
5612
5610
5608
5606
5604
5602
5600
5598
5596
5594
5592
5590
5588
5586
5584
5582
5580
5578
5576
5574
5572
5570
5568
5566
5564
5562
5560
5558
5556
5554
5552
5550
5548
5546
5544
5542
5540
5538
5536
5534
5532
5530
5528
5526
5524
5522
5520
5518
5516
5514
5512
5510
5508
5506
5504
5502
5500
5498
5496
5494
5492
5490
5488
5486
5484
5482
5480
5478
5476
5474
5472
5470
5468
5466
5464
5462
5460
5458
5456
5454
5452
5450
5448
5446
5444
5442
5440
5438
5436
5434
5432
5430
5428
5426
5424
5422
5420
5418
5416
5414
5412
5410
5408
5406
5404
5402
5400
5398
5396
5394
5392
5390
5388
5386
5384
5382
5380
5378
5376
5374
5372
5370
5368
5366
5364
5362
5360
5358
5356
5354
5352
5350
5348
5346
5344
5342
5340
5338
5336
5334
5332
5330
5328
5326
5324
5322
5320
5318
5316
5314
5312
5310
5308
5306
5304
5302
5300
5298
5296
5294
5292
5290
5288
5286
5284
5282
5280
5278
5276
5274
5272
5270
5268
5266
5264
5262
5260
5258
5256
5254
5252
5250
5248
5246
5244
5242
5240
5238
5236
5234
5232
5230
5228
5226
5224
5222
5220
5218
5216
5214
5212
5210
5208
5206
5204
5202
5200
5198
5196
5194
5192
5190
5188
5186
5184
5182
5180
5178
5176
5174
5172
5170
5168
5166
5164
5162
5160
5158
5156
5154
5152
5150
5148
5146
5144
5142
5140
5138
5136
5134
5132
5130
5128
5126
5124
5122
5120
5118
5116
5114
5112
5110
5108
5106
5104
5102
5100
5098
5096
5094
5092
5090
5088
5086
5084
5082
5080
5078
5076
5074
5072
5070
5068
5066
5064
5062
5060
5058
5056
5054
5052
5050
5048
5046
5044
5042
5040
5038
5036
5034
5032
5030
5028
5026
5024
5022
5020
5018
5016
5014
5012
5010
5008
5006
5004
5002
5000
4998
4996
4994
4992
4990
4988
4986
4984
4982
4980
4978
4976
4974
4972
4970
4968
4966
4964
4962
4960
4958
4956
4954
4952
4950
4948
4946
4944
4942
4940
4938
4936
4934
4932
4930
4928
4926
4924
4922
4920
4918
4916
4914
4912
4910
4908
4906
4904
4902
4900
4898
4896
4894
4892
4890
4888
4886
4884
4882
4880
4878
4876
4874
4872
4870
4868
4866
4864
4862
4860
4858
4856
4854
4852
4850
4848
4846
4844
4842
4840
4838
4836
4834
4832
4830
4828
4826
4824
4822
4820
4818
4816
4814
4812
4810
4808
4806
4804
4802
4800
4798
4796
4794
4792
4790
4788
4786
4784
4782
4780
4778
4776
4774
4772
4770
4768
4766
4764
4762
4760
4758
4756
4754
4752
4750
4748
4746
4744
4742
4740
4738
