117619
77953
72956
68892
65474
62600
59299
57322
55943
53513
52131
50625
49527
48664
47802
47014
46087
45001
44524
44075
43309
42783
42363
41477
41037
40635
39937
39344
38716
36959
36447
36179
35735
34716
34390
34171
33590
33339
32845
32533
32363
32010
31859
31697
31430
31076
30952
30536
30401
30280
30177
30078
29757
29362
28855
28789
28678
28529
28117
28043
27953
27890
27708
27635
27473
27393
27266
27135
27017
26944
26815
26731
26173
25982
25902
25823
25762
25725
25655
25121
25066
25008
24910
24872
24802
24724
24664
24556
24505
24462
24420
24388
24353
23414
23342
23304
23283
23200
23129
23108
23087
23030
22981
22913
22862
22821
22732
22688
22623
22592
22529
22506
22461
22432
22411
22375
21365
21274
21157
21106
21051
21018
21003
20985
20939
20869
20793
20714
20650
20630
20571
20493
20476
20460
20412
20384
20307
20261
20168
20149
20134
20031
19905
19889
19832
19776
19700
19671
19611
19589
19556
19524
19485
19464
19419
19365
19330
19309
19292
19274
19213
19179
19118
18975
18939
18886
18866
18798
18758
18703
18673
18638
18612
18576
18530
18476
18451
18411
18350
18173
18149
18087
18072
16903
16675
16614
16561
16530
16511
16458
16432
16400
16389
16331
16306
16296
16263
16228
16197
16159
16130
16118
16072
16053
16037
16025
15995
15960
15925
15912
15882
15841
15800
15781
15765
15734
15718
15694
15684
15666
15627
15603
15572
15530
15506
15480
15385
15316
15292
15211
15197
15181
15168
15124
15093
15047
15037
15024
14990
14966
14953
14924
14902
14865
14850
14828
14785
14768
14750
14733
14715
14703
14686
14660
14637
14610
14600
14560
14536
14511
14493
14449
14437
14411
14399
14389
14355
14335
14309
14282
14257
14226
14196
14182
14166
14148
14116
14067
14042
14027
14012
13999
13988
13961
13951
13918
13885
13856
13832
13811
13792
13777
13765
13731
13718
13698
13666
13647
13613
13587
13555
13521
13510
13484
13410
13392
13366
13332
13302
13278
13256
13246
13225
13213
13202
13174
13162
13147
13132
13107
13067
13040
13016
12998
12975
12947
12915
12897
12875
12854
12835
12798
12777
12758
12735
12710
12659
12566
12509
12488
12473
12447
12426
12415
12390
12371
12359
12346
12317
11028
10996
10830
10799
10786
10761
10745
10736
10725
10715
10709
10695
10677
10666
10647
10629
10621
10606
10599
10578
10570
10563
10556
10545
10527
10517
10509
10483
10468
10454
10431
10422
10406
10398
10389
10363
10355
10349
10333
10327
10312
10293
10272
10265
10246
10234
10203
10196
10184
10160
10149
10143
10133
10117
10111
10103
10091
10085
10076
10060
10053
10044
10030
10020
10010
10002
9991
9981
9971
9965
9959
9944
9936
9923
9910
9881
9864
9856
9849
9841
9828
9820
9806
9799
9771
9763
9753
9742
9729
9720
9711
9700
9681
9669
9663
9635
9626
9615
9598
9589
9577
9570
9558
9551
9539
9522
9502
9485
9479
9469
9458
9449
9432
9422
9406
9389
9377
9367
9359
9352
9346
9336
9328
9322
9298
9292
9277
9267
9247
9239
9229
9220
9213
9203
9187
9168
9161
9154
9148
9133
9126
9118
9111
9103
9095
9080
9073
9063
9052
9023
9011
8993
8985
8978
8972
8966
8957
8950
8940
8929
8922
8916
8909
8897
8885
8874
8867
8855
8848
8838
8830
8820
8813
8795
8777
8756
8747
8741
8730
8723
8717
8711
8702
8692
8685
8675
8665
8650
8641
8632
8621
8613
8603
8595
8584
8574
8557
8548
8533
8526
8510
8501
8493
8479
8471
8451
8442
8433
8409
8399
8391
8382
8371
8361
8354
8335
8321
8315
8302
8296
8278
8253
8244
8238
8225
8213
8206
8195
8189
8177
8167
8158
8139
8128
8116
8092
8084
8077
8068
8039
8033
8018
8012
8006
8000
7994
7982
7969
7957
7948
7938
7927
7917
7910
7901
7895
7884
7875
7869
7861
7850
7832
7811
7796
7784
7774
7768
7761
7752
7746
7737
7728
7719
7712
7700
7687
7680
7670
7660
7650
7642
7628
7616
7607
7596
7586
7577
7566
7558
7551
7545
7538
7531
7519
7506
7500
7492
7484
7477
7470
7464
7456
7447
7438
7431
7417
7407
7397
7385
7373
7362
7355
7348
7342
7336
7326
7311
7303
7297
7285
7275
7263
7256
7250
7242
7234
7227
7213
7207
7198
7187
7176
7170
7150
7143
7132
7116
7110
7104
7074
7062
7053
7039
7029
7017
7007
6990
6981
6971
6963
6953
6946
6934
6928
6921
6915
6908
6889
6883
6877
6870
6861
6850
6842
6834
6816
6809
6803
6786
6143
6129
6121
6110
6099
6088
5949
5933
5912
5901
5892
5888
5885
5882
5879
5876
5873
5870
5866
5860
5855
5852
5847
5844
5841
5838
5835
5831
5828
5825
5820
5817
5814
5811
5808
5804
5799
5796
5793
5790
5786
5779
5776
5773
5767
5762
5757
5754
5751
5748
5745
5741
5738
5735
5732
5729
5726
5723
5714
5710
5707
5700
5696
5693
5688
5685
5682
5679
5674
5668
5664
5660
5655
5650
5645
5638
5635
5632
5629
5626
5620
5617
5611
5608
5605
5602
5598
5595
5591
5588
5584
5581
5578
5572
5567
5564
5561
5556
5552
5545
5540
5534
5531
5528
5525
5522
5518
5515
5512
5509
5506
5503
5499
5495
5492
5485
5482
5479
5474
5470
5463
5460
5452
5449
5446
5442
5439
5432
5426
5420
5417
5413
5410
5407
5403
5397
5391
5387
5382
5376
5372
5367
5364
5361
5358
5355
5352
5349
5346
5343
5340
5336
5332
5327
5324
5320
5314
5311
5308
5303
5299
5291
5279
5275
5271
5265
5262
5258
5254
5251
5247
5242
5238
5234
5231
5227
5224
5214
5211
5206
5203
5196
5193
5190
5186
5181
5176
5170
5165
5159
5150
5147
5141
5138
5133
5128
5125
5118
5110
5105
5101
5095
5086
5083
5076
5072
5068
5056
5052
5046
5041
5038
5034
5031
5028
5025
5022
5015
5012
5008
5005
5002
4995
4991
4988
4985
4982
4979
4975
4972
4969
4966
4962
4958
4954
4949
4946
4943
4940
4936
4932
4928
4922
4918
4915
4912
4909
4904
4898
4894
4886
4883
4880
4877
4874
4870
4867
4862
4859
4856
4853
4850
4846
4842
4839
4835
4830
4827
4823
4820
4817
4807
4804
4801
4797
4791
4787
4782
4779
4772
4769
4766
4763
4760
4757
4754
4747
4744
4741
4738
4735
4731
4727
4724
4721
4718
4714
4711
4708
4703
4700
4696
4693
4690
4685
4682
4677
4674
4670
4665
4660
4656
4653
4650
4647
4644
4640
4636
4633
4630
4626
4623
4620
4616
4613
4610
4605
4602
4598
4593
4590
4586
4583
4579
4573
4570
4567
4563
4560
4557
4554
4551
4548
4545
4542
4538
4535
4531
4528
4524
4521
4518
4513
4510
4507
4503
4500
4497
4494
4491
4488
4485
4481
4478
4474
4469
4466
4463
4460
4457
4454
4451
4448
4444
4441
4437
4434
4431
4427
4424
4421
4417
4414
4411
4407
4402
4398
4395
4392
4388
4385
4382
4379
4376
4373
4370
4367
4364
4361
4357
4352
4349
4344
4341
4337
4334
4328
4324
4321
4317
4313
4309
4302
4299
4295
4292
4289
4286
4283
4279
4275
4271
4268
4265
4261
4258
4255
4252
4249
4245
4242
4238
4235
4231
4228
4225
4222
4217
4214
4209
4205
4201
4196
4192
4189
4185
4181
4178
4173
4169
4166
4162
4158
4155
4151
4148
4145
4142
4139
4136
4133
4129
4126
4123
4119
4116
4112
4109
4106
4103
4099
4096
4092
4088
4085
4081
4078
4073
4070
4066
4063
4060
4056
4053
4048
4044
4041
4037
4034
4030
4027
4023
4020
4017
4014
4010
4007
4004
4001
3998
3995
3992
3988
3985
3981
3978
3975
3972
3969
3966
3963
3960
3957
3954
3950
3947
3944
3940
3934
3931
3928
3925
3922
3919
3915
3912
3909
3905
3902
3898
3895
3890
3885
3882
3879
3875
3872
3869
3866
3860
3856
3853
3850
3847
3844
3840
3835
3830
3827
3824
3821
3818
3814
3811
3808
3805
3802
3798
3795
3792
3789
3786
3783
3780
3777
3774
3771
3768
3764
3760
3757
3754
3751
3747
3744
3740
3737
3733
3730
3726
3722
3719
3715
3712
3706
3703
3700
3696
3693
3690
3687
3684
3681
3678
3675
3672
3669
3665
3662
3659
3656
3653
3649
3646
3643
3640
3637
3634
3631
3628
3625
3622
3619
3616
3611
3608
3605
3602
3599
3596
3592
3588
3585
3582
3579
3576
3573
3570
3567
3564
3560
3556
3553
3550
3546
3543
3540
3536
3532
3529
3524
3521
3518
3514
3511
3508
3505
3501
3498
3495
3492
3489
3484
3481
3478
3474
3471
3466
3460
3456
3452
3449
3445
3442
3439
3436
3433
3430
3427
3424
3421
3418
3415
3412
3409
3406
3402
3398
3394
3391
3387
3383
3380
3376
3373
3370
3366
3363
3360
3356
3353
3350
3347
3344
3341
3336
3333
3330
3327
3324
3321
3317
3314
3311
3308
3305
3302
3299
3296
3293
3290
3287
3284
3279
3276
3273
3270
3266
3263
3260
3257
3254
3250
3247
3244
3241
3236
3233
3229
3226
3223
3220
3217
3214
3211
3208
3205
3201
3198
3193
3190
3187
3184
3181
3178
3175
3172
3169
3166
3163
3160
3157
3154
3151
3148
3145
3141
3138
3135
3132
3129
3125
3122
3117
3114
3111
3108
3104
3101
3097
3094
3091
3087
3084
3081
3078
3075
3072
3069
3066
3063
3060
3057
3054
3051
3048
3045
3042
3039
3036
3032
3029
3025
3022
3019
3016
3013
3010
3007
3003
3000
2997
2994
2991
2988
2985
2982
2979
2976
2973
2970
2967
2964
2960
2957
2954
2951
2948
2945
2942
2939
2936
2933
2930
2927
2924
2921
2918
2915
2912
2909
2906
2897
