11204
10966
10877
10807
10739
10674
10610
10553
10502
10453
10409
10366
10325
10287
10249
10213
10178
10116
10086
10057
10029
10001
9973
9945
9918
9892
9866
9840
9815
9723
9700
9678
9638
9581
9562
9543
9489
9471
9437
9421
9405
9389
9373
9358
9343
9315
9301
9262
9249
9236
9223
9210
9197
9161
9117
9106
9095
9084
9024
9014
9004
8994
8984
8974
8964
8955
8946
8937
8928
8919
8910
8901
8821
8805
8797
8789
8781
8773
8765
8667
8660
8653
8646
8639
8632
8625
8618
8611
8604
8597
8590
8583
8576
8414
8402
8396
8390
8384
8378
8372
8366
8360
8354
8348
8342
8336
8330
8324
8318
8312
8306
8300
8294
8288
8282
8276
8071
8065
8045
8035
8030
8025
8020
8015
8010
8005
8000
7995
7990
7985
7980
7975
7970
7965
7960
7955
7950
7945
7940
7935
7930
7925
7920
7915
7910
7905
7900
7895
7890
7885
7880
7875
7870
7865
7860
7855
7850
7845
7840
7835
7830
7825
7820
7815
7810
7805
7800
7795
7790
7785
7780
7775
7770
7765
7760
7755
7750
7745
7740
7735
7730
7725
7720
7412
7360
7344
7332
7328
7324
7320
7316
7312
7308
7304
7300
7296
7292
7288
7284
7280
7276
7272
7268
7264
7260
7256
7252
7248
7244
7240
7236
7232
7228
7224
7220
7216
7212
7208
7204
7200
7196
7192
7188
7184
7180
7176
7172
7168
7164
7160
7156
7152
7148
7144
7140
7136
7132
7128
7124
7120
7116
7112
7108
7104
7100
7096
7092
7088
7084
7080
7076
7072
7068
7064
7060
7056
7052
7048
7044
7040
7036
7032
7028
7024
7020
7016
7012
7008
7004
7000
6996
6992
6988
6984
6980
6976
6972
6968
6964
6960
6956
6952
6948
6944
6940
6936
6932
6928
6924
6920
6916
6912
6908
6904
6900
6896
6892
6888
6884
6880
6876
6872
6868
6864
6860
6856
6852
6848
6844
6840
6836
6832
6828
6824
6820
6816
6812
6808
6804
6800
6796
6792
6788
6784
6780
6776
6772
6768
6764
6760
6756
6752
6748
6744
6740
6736
6732
6728
6724
6720
6716
6712
6708
6704
6700
6696
6692
6688
6684
6201
6197
6137
6125
6119
6116
6113
6110
6107
6104
6101
6098
6095
6092
6089
6086
6083
6080
6077
6074
6071
6068
6065
6062
6059
6056
6053
6050
6047
6044
6041
6038
6035
6032
6029
6026
6023
6020
6017
6014
6011
6008
6005
6002
5999
5996
5993
5990
5987
5984
5981
5978
5975
5972
5969
5966
5963
5960
5957
5954
5951
5948
5945
5942
5939
5936
5933
5930
5927
5924
5921
5918
5915
5912
5909
5906
5903
5900
5897
5894
5891
5888
5885
5882
5879
5876
5873
5870
5867
5864
5861
5858
5855
5852
5849
5846
5843
5840
5837
5834
5831
5828
5825
5822
5819
5816
5813
5810
5807
5804
5801
5798
5795
5792
5789
5786
5783
5780
5777
5774
5771
5768
5765
5762
5759
5756
5753
5750
5747
5744
5741
5738
5735
5732
5729
5726
5723
5720
5717
5714
5711
5708
5705
5702
5699
5696
5693
5690
5687
5684
5681
5678
5675
5672
5669
5666
5663
5660
5657
5654
5651
5648
5645
5642
5639
5636
5633
5630
5627
5624
5621
5618
5615
5612
5609
5606
5603
5600
5597
5594
5591
5588
5585
5582
5579
5576
5573
5570
5567
5564
5561
5558
5555
5552
5549
5546
5543
5540
5537
5534
5531
5528
5525
5522
5519
5516
5513
5510
5507
5504
5501
5498
5495
5492
5489
5486
5483
5480
5477
5474
5471
5468
5465
5462
5459
5456
5453
5450
5447
5444
5441
5438
5435
5432
5429
5426
5423
5420
5417
5414
5411
5408
5405
5402
5399
5396
5393
5390
5387
5384
5381
5378
5375
5372
5369
5366
5363
5360
5357
5354
5351
5348
5345
5342
5339
5336
5333
5330
5327
5324
5321
5318
5315
5312
5309
5306
5303
5300
5297
5294
5291
5288
5285
5282
5279
5276
5273
5270
5267
5264
5261
5258
5255
5252
5249
5246
5243
5240
5237
5234
5231
5228
5225
5222
5219
5216
5213
5210
5207
5204
5201
5198
5195
5192
5189
5186
5183
5180
5177
5174
5171
5168
5165
5162
5159
5156
5153
5150
5147
5144
5141
5138
5135
5132
5129
5126
5123
5120
5117
5114
5111
5108
5105
5102
5099
5096
5093
5090
5087
5084
5081
5078
5075
5072
5069
5066
5063
5060
5057
5054
5051
5048
5045
5042
5039
5036
5033
5030
5027
4653
4650
4647
4644
4641
4638
4560
4557
4547
4541
4537
4535
4533
4531
4529
4527
4525
4523
4521
4519
4517
4515
4513
4511
4509
4507
4505
4503
4501
4499
4497
4495
4493
4491
4489
4487
4485
4483
4481
4479
4477
4475
4473
4471
4469
4467
4465
4463
4461
4459
4457
4455
4453
4451
4449
4447
4445
4443
4441
4439
4437
4435
4433
4431
4429
4427
4425
4423
4421
4419
4417
4415
4413
4411
4409
4407
4405
4403
4401
4399
4397
4395
4393
4391
4389
4387
4385
4383
4381
4379
4377
4375
4373
4371
4369
4367
4365
4363
4361
4359
4357
4355
4353
4351
4349
4347
4345
4343
4341
4339
4337
4335
4333
4331
4329
4327
4325
4323
4321
4319
4317
4315
4313
4311
4309
4307
4305
4303
4301
4299
4297
4295
4293
4291
4289
4287
4285
4283
4281
4279
4277
4275
4273
4271
4269
4267
4265
4263
4261
4259
4257
4255
4253
4251
4249
4247
4245
4243
4241
4239
4237
4235
4233
4231
4229
4227
4225
4223
4221
4219
4217
4215
4213
4211
4209
4207
4205
4203
4201
4199
4197
4195
4193
4191
4189
4187
4185
4183
4181
4179
4177
4175
4173
4171
4169
4167
4165
4163
4161
4159
4157
4155
4153
4151
4149
4147
4145
4143
4141
4139
4137
4135
4133
4131
4129
4127
4125
4123
4121
4119
4117
4115
4113
4111
4109
4107
4105
4103
4101
4099
4097
4095
4093
4091
4089
4087
4085
4083
4081
4079
4077
4075
4073
4071
4069
4067
4065
4063
4061
4059
4057
4055
4053
4051
4049
4047
4045
4043
4041
4039
4037
4035
4033
4031
4029
4027
4025
4023
4021
4019
4017
4015
4013
4011
4009
4007
4005
4003
4001
3999
3997
3995
3993
3991
3989
3987
3985
3983
3981
3979
3977
3975
3973
3971
3969
3967
3965
3963
3961
3959
3957
3955
3953
3951
3949
3947
3945
3943
3941
3939
3937
3935
3933
3931
3929
3927
3925
3923
3921
3919
3917
3915
3913
3911
3909
3907
3905
3903
3901
3899
3897
3895
3893
3891
3889
3887
3885
3883
3881
3879
3877
3875
3873
3871
3869
3867
3865
3863
3861
3859
3857
3855
3853
3851
3849
3847
3845
3843
3841
3839
3837
3835
3833
3831
3829
3827
3825
3823
3821
3819
3817
3815
3813
3811
3809
3807
3805
3803
3801
3799
3797
3795
3793
3791
3789
3787
3785
3783
3781
3779
3777
3775
3773
3771
3769
3767
3765
3763
3761
3759
3757
3755
3753
3751
3749
3747
3745
3743
3741
3739
3737
3735
3733
3731
3729
3727
3725
3723
3721
3719
3717
3715
3713
3711
3709
3707
3705
3703
3701
3699
3697
3695
3693
3691
3689
3687
3685
3683
3681
3679
3677
3675
3673
3671
3669
3667
3665
3663
3661
3659
3657
3655
3653
3651
3649
3647
3645
3643
3641
3639
3637
3635
3633
3631
3629
3627
3625
3623
3621
3619
3617
3615
3613
3611
3609
3607
3605
3603
3601
3599
3597
3595
3593
3591
3589
3587
3585
3583
3581
3579
3577
3575
3573
3571
3569
3567
3565
3563
3561
3559
3557
3555
3553
3551
3549
3547
3545
3543
3541
3539
3537
3535
3533
3531
3529
3527
3525
3523
3521
3519
3517
3515
3513
3511
3509
3507
3505
3503
3501
3499
3497
3495
3493
3491
3489
3487
3485
3483
3481
3479
3477
3475
3473
3471
3469
3467
3465
3463
3461
3459
3457
3455
3453
3451
3449
3447
3445
3443
3441
3439
3437
3435
3433
3431
3429
3427
3425
3423
3421
3419
3417
3415
3413
3411
3409
3407
3405
3403
3401
3399
3397
3395
3393
3391
3389
3387
3385
3383
3381
3379
3377
3375
3373
3371
3369
3367
3365
3363
3361
3359
3357
3355
3353
3351
3349
3347
3345
3343
3341
3339
3337
3335
3333
3331
3329
3327
3325
3323
3321
3319
3317
3315
3313
3311
3309
3307
3305
3303
3301
3299
3297
3295
3293
3291
3289
3287
3285
3283
3281
3279
3277
3275
3273
3271
3269
3267
3265
3263
3261
3259
3257
3255
3253
3251
3249
3247
3245
3243
3241
3239
3237
3235
3233
3231
3229
3227
3225
3223
3221
3219
3217
3215
3213
3211
3209
3207
3205
3203
3201
3199
3197
3195
3193
3191
3189
3187
3185
3183
3181
3179
3177
3175
3173
3171
3169
3167
3165
3163
3161
3159
3157
3155
3153
3151
3149
3147
3145
3143
3141
3139
3137
3135
3133
3131
3129
3127
3125
3123
3121
3119
3117
3115
3113
3111
3109
3107
3105
3103
3101
3099
3097
3095
3093
3091
3089
3087
3085
3083
3081
3079
3077
3075
3073
3071
3069
3067
3065
3063
3061
3059
3057
3055
3053
3051
3049
3047
3045
3043
3041
3039
3037
3035
3033
3031
3029
3027
3025
3023
3021
3019
3017
3015
3013
3011
3009
3007
3005
3003
3001
2999
2997
2995
2993
2991
2989
2987
2985
2983
2981
2979
2977
2975
2973
2971
2969
2967
2965
2963
2961
2959
2957
2955
2953
2951
2949
2947
2945
2943
2941
2939
2937
2935
2933
2931
2929
2927
2925
2923
2921
2919
2917
2915
2913
2911
2909
2907
2905
2903
2901
2899
2897
2895
2893
