296876
219110
160445
122886
120737
117863
115379
114516
113951
113285
112820
111305
110603
109843
109532
108860
108383
108134
107412
106624
106387
105819
104860
103555
102067
101808
99518
99067
98961
96457
96358
96141
95996
94224
93885
91615
90898
90599
90506
87325
86811
86680
86549
83153
82752
82699
82575
82451
82404
82336
82270
82184
81909
81863
78595
78097
77887
77708
77560
77524
77480
77429
77367
77167
77124
77088
77030
76962
76920
76843
76797
76741
76624
76578
76541
76322
76278
76199
76162
76122
76082
76031
75995
75952
75910
75874
75829
70617
69908
69783
69725
69666
69638
69603
69573
69485
69449
69408
69365
69321
69238
69173
69142
69108
69077
69007
68973
68940
68908
68857
68813
68782
68746
68710
68664
68633
68597
68551
68498
68466
68317
68289
68250
68222
68194
68166
68138
68096
68068
68040
68012
67984
67956
67928
67898
67863
67833
67805
67777
67749
62157
61554
61330
61196
61143
61069
61010
60948
60882
60854
60833
60800
60694
60491
60470
60235
60210
60184
60158
60072
60031
59995
59967
59943
59901
59880
59851
59783
59757
59730
59561
59526
59448
59399
59360
59339
59307
59264
59209
59134
59106
59082
59061
59027
58986
58958
58930
58905
58841
58816
58767
58737
58716
58687
58665
58634
58613
58592
58534
58502
58469
58445
58412
58391
58366
58335
58307
58222
58023
57948
57911
57890
57869
57830
57798
57761
57736
57709
57676
57655
57631
57603
57582
57559
57538
57517
57496
57475
57454
57433
57412
57391
50864
49747
49460
49295
49238
49143
48981
48953
48938
48902
48837
48763
48680
48661
48626
48611
48551
48531
48509
48433
48364
48258
48204
48175
48149
48134
48092
48044
48014
47932
47914
47856
47841
47809
47779
47749
47720
47694
47671
47653
47636
47609
47588
47573
47555
47532
47489
47472
47430
47381
47353
47338
47320
47301
47280
47177
47150
47131
47116
47101
47084
47035
47004
46978
46948
46933
46916
46880
46851
46807
46757
46738
46723
46700
46663
46640
46612
46542
46516
46491
46455
46436
46384
46368
46349
46332
46314
46290
46271
46247
46228
46195
46176
46154
46137
46122
46105
46090
46060
46029
45903
45887
45854
45839
45821
45799
45778
45750
45724
45705
45687
45671
45647
45632
45616
45601
45545
45526
45501
45486
45452
45428
45410
45395
45380
45350
45319
45301
45277
45258
45240
45221
45199
45184
45167
45152
45111
45096
45065
45038
45019
45002
44987
44969
44950
44934
44916
44895
44866
44813
44789
44770
44754
44728
44702
44682
44665
44648
44633
44538
44519
44504
44487
44460
44438
44421
44405
44390
44375
44360
44345
44330
44307
44292
44268
44251
44235
44220
44205
44178
44163
44141
44123
44108
44082
44060
44045
44029
44005
43990
43962
43944
43927
43912
43895
43873
43858
43840
43825
43810
43795
43780
43764
43746
43727
43697
43682
43662
43647
43615
43590
43562
43361
43343
43325
43310
43294
43266
43251
43235
43218
43203
43183
43168
43149
43134
43119
43104
36921
35473
35070
34977
34884
34845
34819
34805
34746
34736
34726
34689
34676
34653
34641
34584
34563
34540
34530
34512
34471
34440
34423
34413
34381
34371
34351
34297
34282
34272
34262
34238
34228
34201
34165
34140
34120
34100
34087
34073
34059
34049
34003
33993
33976
33964
33953
33934
33918
33906
33896
33884
33874
33862
33849
33829
33816
33788
33776
33759
33747
33712
33689
33675
33636
33624
33612
33588
33576
33566
33551
33522
33509
33487
33475
33460
33448
33432
33412
33352
33342
33324
33309
33296
33272
33259
33249
33227
33217
33207
33161
33151
33121
33104
33088
33075
33063
33042
33019
33009
32998
32977
32958
32937
32927
32898
32887
32874
32857
32835
32823
32808
32796
32784
32772
32757
32745
32733
32719
32709
32697
32687
32661
32635
32601
32591
32581
32563
32525
32515
32500
32490
32477
32466
32427
32394
32376
32366
32353
32343
32332
32322
32311
32301
32281
32265
32250
32237
32227
32215
32201
32184
32172
32147
32127
32098
32080
32069
32051
32006
31991
31981
31966
31956
31942
31929
31915
31905
31889
31878
31866
31852
31842
31827
31816
31799
31789
31779
31763
31753
31743
31728
31714
31675
31665
31644
31630
31620
31609
31596
31584
31574
31564
31554
31543
31532
31515
31492
31482
31454
31441
31428
31417
31396
31383
31369
31352
31333
31321
31310
31298
31282
31272
31259
31248
31208
31193
31181
31171
31161
31140
31122
31112
31094
31084
31063
31049
31039
31029
31007
30997
30987
30971
30961
30947
30935
30925
30913
30887
30877
30865
30852
30842
30832
30814
30804
30794
30783
30770
30755
30740
30724
30712
30702
30689
30677
30665
30641
30630
30615
30604
30590
30559
30549
30538
30526
30516
30506
30495
30483
30471
30454
30442
30432
30409
30370
30357
30338
30319
30307
30297
30279
30267
30257
30247
30237
30226
30215
30200
30190
30180
30166
30155
30145
30135
30112
30095
30083
30073
30063
30038
30027
30017
30002
29992
29982
29970
29959
29948
29931
29916
29906
29893
29883
29862
29849
29839
29822
29810
29800
29757
29746
29728
29707
29694
29684
29672
29662
29652
29625
29615
29602
29590
29569
29559
29540
29529
29512
29479
29469
29459
29449
29437
29376
29365
29354
29344
29329
29316
29306
29295
29285
29259
29249
29237
29227
29217
29207
29194
29184
29174
29158
29146
29124
29114
29104
29094
29078
29068
29058
29048
29036
29026
29013
28996
28986
28976
28965
28955
28945
28935
28925
28913
28903
28893
28878
28856
28846
28833
28823
28813
28803
28793
28783
28772
28749
28736
28725
28715
28704
28694
28684
28674
28664
28647
28635
28625
28549
28539
28522
28508
28483
28471
28452
28436
28426
28407
28397
28387
28377
28366
28348
28337
28327
28317
28303
28290
28211
28197
28179
28169
28155
28145
28133
28122
28112
28102
28092
28082
28072
28059
28049
28039
28029
28019
28009
27998
27986
27976
27966
27956
27942
27932
27922
27911
27901
27890
27880
27870
27859
27849
27838
27828
27818
27808
27798
27788
27778
27768
27758
23195
21926
21906
21470
21315
21234
21188
21159
21135
21112
21097
21084
21061
21045
21037
21030
21020
21012
21006
20999
20977
20963
20954
20948
20937
20910
20904
20897
20891
20884
20877
20871
20863
20852
20833
20824
20817
20806
20795
20784
20769
20762
20756
20749
20743
20737
20727
20715
20708
20702
20695
20689
20682
20675
20668
20655
20647
20635
20629
20622
20612
20606
20600
20594
20587
20577
20546
20538
20530
20519
20507
20498
20490
20482
20473
20467
20437
20427
20421
20415
20409
20398
20390
20383
20377
20369
20363
20357
20351
20345
20331
20318
20312
20304
20293
20285
20277
20267
20261
20253
20246
20240
20234
20228
20222
20211
20203
20196
20190
20184
20169
20163
20157
20149
20143
20136
20127
20121
20112
20102
20094
20083
20076
20070
20064
20057
20050
20043
20036
20030
20024
20012
20005
19989
19983
19971
19964
19958
19950
19944
19932
19923
19914
19907
19898
19884
19876
19870
19863
19855
19849
19842
19829
19820
19807
19801
19790
19784
19774
19764
19756
19750
19744
19735
19729
19720
19712
19704
19694
19687
19681
19674
19667
19661
19652
19643
19634
19621
19608
19602
19595
19587
19581
19564
19557
19549
19534
19528
19522
19516
19510
19503
19497
19491
19485
19477
19469
19456
19448
19438
19430
19417
19408
19399
19393
19383
19377
19370
19364
19355
19347
19330
19324
19312
19305
19299
19291
19285
19279
19271
19257
19251
19239
19233
19227
19221
19213
19205
19197
19190
19184
19177
19171
19165
19151
19141
19135
19129
19122
19116
19101
19095
19088
19082
19072
19066
19060
19052
19045
19039
19031
19025
19019
19012
19006
18998
18990
18984
18973
18967
18961
18955
18948
18941
18933
18927
18918
18912
18906
18896
18889
18876
18862
18856
18850
18843
18837
18829
18822
18816
18810
18803
18792
18786
18780
18774
18761
18755
18737
18725
18716
18687
18681
18675
18669
18659
18650
18644
18638
18630
18624
18614
18607
18601
18595
18585
18577
18571
18559
18547
18534
18524
18518
18499
18493
18480
18472
18464
18457
18451
18437
18429
18423
18417
18410
18401
18392
18386
18379
18370
18364
18358
18349
18336
18330
18310
18304
18298
18292
18283
18275
18268
18255
18249
18243
18236
18229
18223
18217
18210
18204
18195
18188
18176
18170
18164
18158
18152
18143
18137
18131
18124
18118
18112
18106
18100
18094
18085
18079
18072
18066
18052
18045
18039
18033
18024
18018
18012
18004
17996
17990
17980
17972
17957
17951
17942
17936
17929
17923
17917
17900
17894
17886
17876
17870
17863
17855
17849
17840
17834
17822
17814
17808
17799
17793
17785
17779
17773
17767
17760
17754
17748
17740
17728
17722
17712
17701
17694
17687
17676
17670
17661
17655
17647
17641
17635
17629
17620
17608
17601
17595
17585
17579
17571
17564
17553
17546
17538
17532
17523
17516
17508
17498
17480
17474
17466
17454
17447
17441
17434
17428
17420
17414
17405
17399
17391
17384
17376
17370
17358
17351
17345
17339
17333
17327
17312
17306
17296
17285
17277
17269
17263
17257
17247
17241
17235
17228
17222
17216
17210
17200
17190
17181
17174
17168
17162
17154
17148
17141
17134
17128
17121
17114
17098
17091
17084
17078
17070
17062
17048
17039
17033
17027
17021
17015
17008
17002
16992
16986
16971
16965
16957
16949
16941
16935
16929
16923
16916
16910
16902
16896
16890
16884
16878
16869
16863
16855
16848
16841
16835
16829
16823
16817
16811
16802
16796
16790
16784
16778
16771
16763
16757
16751
16737
16727
16721
16711
16705
16699
16691
16684
16678
16672
16666
16660
16654
16646
16638
16631
16624
16618
16610
16604
16598
16590
16582
16574
16568
16562
16555
16547
16541
16535
16526
16515
16508
16502
16490
16483
16475
16469
16463
16457
16450
16444
16438
16432
16426
16420
16412
16406
16400
16385
16378
16372
16366
16359
16353
16346
16340
16334
16326
16320
16313
16304
16297
16291
16285
16275
16267
16261
16252
16246
16240
16234
16226
16220
16213
16207
16200
16194
16188
16181
16175
16169
16163
16156
16146
16140
16133
16121
16111
16105
16099
16090
16078
16072
16066
16050
16040
16034
16028
16022
16013
16007
16000
15991
15985
15978
15972
15965
15958
15949
15942
15936
15929
15923
15916
15907
15901
15892
15881
15873
15866
15857
15847
15841
15833
15825
15815
15806
15800
15794
15788
15779
15772
15766
15757
15751
15743
15736
15726
15720
15714
15708
15702
15693
15685
15679
15673
15666
15655
15649
15643
15636
15627
15620
15613
15607
15601
15585
15577
15567
15548
15537
15521
15513
15506
15498
15488
15481
15472
15466
15459
15450
15440
15434
15426
15419
15413
15407
15401
15394
15383
15367
15361
15355
15338
15332
15322
15313
15304
15297
15286
15280
15270
15262
15251
15244
15238
15229
15223
15217
15208
15201
15195
15189
15183
15173
15167
15159
15148
15142
15130
15099
15089
15083
15077
15071
15062
15054
15048
15042
15036
15029
15023
15017
15011
15001
14995
14988
14982
14976
14970
14963
14957
14951
14945
14939
14933
14927
14921
14915
14909
14903
14896
14890
14882
14876
14870
14862
14856
14850
14843
14837
14831
14825
14819
14813
14807
14801
14795
14789
14783
14776
14769
14761
14755
14749
14743
14737
14730
14724
14718
14712
14705
14699
14692
14684
14678
14668
14662
14656
14647
14641
14635
14629
14623
14616
14610
14602
14592
14586
14580
14574
14567
14560
14554
14548
14542
14536
14530
14524
14518
14512
14506
14500
14494
14486
14480
14474
14468
14462
14455
14449
14441
14435
14429
14423
14417
14411
14405
14399
14393
14386
14380
14374
14368
14362
14355
14349
14343
14337
14330
14324
14318
14312
14305
14299
14293
14284
14277
14271
14265
14258
14252
14246
14240
14234
14228
14220
14214
14206
14199
14193
14185
14179
14173
14167
14161
14155
14149
14143
14137
14129
14123
14117
14111
14105
14099
14093
14087
14080
14074
14068
14060
14054
14046
14039
14033
14026
14020
14014
14007
14001
13995
13989
13983
13977
13971
13965
13959
13953
13947
13941
13935
13929
13922
13916
13906
13900
13894
13888
13882
13876
13870
13863
13856
13850
13844
13838
13832
13826
13820
13814
13808
13802
13796
13790
13784
13778
13772
13766
13759
13753
13747
13741
13735
13729
13723
13717
13710
13704
13698
13692
13686
13678
13672
13666
13660
13654
13648
13642
13636
13629
13623
13617
13611
13605
13598
13592
13585
13579
13573
13567
13561
13555
13549
13543
13537
13531
11737
11719
11147
11140
10929
10835
10782
10746
10729
10717
10714
10711
10708
10704
10701
10697
10694
10690
10687
10684
10681
10678
10667
10661
10658
10655
10652
10648
10643
10640
10637
10634
10631
10628
10624
10621
10618
10614
10610
10607
10603
10600
10597
10594
10591
10588
10584
10581
10578
10575
10572
10568
10565
10562
10559
10556
10553
10550
10547
10542
10538
10535
10532
10529
10526
10523
10519
10516
10513
10510
10506
10503
10500
10496
10493
10490
10487
10484
10479
10476
10473
10468
10465
10462
10459
10455
10452
10448
10445
10442
10438
10433
10426
10423
10419
10416
10413
10410
10406
10403
10400
10397
10394
10391
10388
10385
10382
10379
10376
10373
10370
10367
10362
10359
10356
10353
10350
10347
10344
10341
10338
10335
10332
10329
10326
10322
10319
10316
10313
10310
10307
10304
10301
10297
10294
10291
10288
10285
10282
10279
10276
10273
10270
10267
10263
10260
10257
10254
10250
10246
10243
10240
10237
10233
10230
10226
10221
10217
10214
10209
10206
10203
10200
10196
10193
10190
10187
10182
10178
10174
10171
10168
10165
10161
10158
10155
10151
10147
10143
10137
10133
10130
10123
10120
10114
10110
10106
10103
10096
10092
10089
10086
10083
10079
10076
10072
10069
10065
10062
10059
10054
10051
10048
10045
10041
10037
10034
10031
10028
10025
10022
10017
10013
10009
10005
10000
9994
9990
9987
9980
9977
9974
9971
9967
9964
9960
9957
9954
9951
9948
9945
9942
9939
9932
9928
9924
9921
9918
9915
9912
9909
9906
9902
9899
9896
9893
9890
9886
9883
9880
9877
9874
9871
9868
9865
9862
9859
9856
9853
9850
9845
9841
9838
9835
9832
9829
9826
9822
9819
9816
9812
9809
9806
9802
9799
9796
9793
9789
9786
9783
9780
9777
9772
9769
9765
9762
9758
9755
9752
9749
9746
9743
9740
9737
9733
9729
9726
9723
9719
9716
9712
9705
9702
9698
9694
9690
9686
9683
9680
9677
9674
9671
9667
9664
9660
9657
9654
9650
9647
9643
9640
9637
9634
9631
9628
9624
9621
9618
9615
9612
9608
9604
9601
9598
9595
9592
9589
9585
9582
9578
9575
9572
9569
9566
9563
9558
9555
9552
9549
9546
9543
9540
9537
9534
9531
9528
9525
9522
9519
9516
9513
9510
9507
9504
9500
9497
9494
9491
9488
9485
9482
9479
9476
9472
9469
9466
9463
9460
9457
9453
9450
9447
9442
9438
9435
9432
9429
9426
9423
9420
9417
9413
9410
9407
9403
9399
9396
9393
9390
9386
9382
9379
9376
9372
9366
9361
9358
9355
9352
9348
9345
9342
9338
9335
9331
9328
9323
9320
9317
9313
9310
9307
9303
9300
9297
9293
9290
9287
9283
9280
9277
9274
9270
9267
9264
9261
9258
9255
9252
9249
9245
9242
9239
9236
9233
9230
9227
9224
9220
9217
9214
9211
9208
9205
9201
9198
9194
9188
9185
9182
9179
9176
9173
9168
9164
9160
9157
9152
9149
9146
9143
9140
9137
9133
9130
9126
9123
9120
9117
9114
9111
9108
9105
9102
9099
9096
9093
9090
9087
9083
9080
9077
9073
9070
9066
9063
9060
9057
9054
9051
9047
9043
9040
9037
9034
9031
9028
9025
9021
9018
9015
9012
9007
9001
8998
8995
8992
8989
8986
8983
8980
8977
8974
8971
8968
8965
8962
8957
8954
8951
8947
8944
8941
8938
8935
8931
8927
8924
8921
8918
8914
8911
8908
8905
8902
8899
8896
8893
8890
8887
8884
8880
8877
8874
8870
8867
8864
8861
8858
8854
8851
8846
8843
8837
8833
8830
8827
8824
8821
8818
8815
8812
8808
8799
8796
8792
8789
8786
8783
8779
8775
8772
8769
8765
8762
8759
8756
8752
8749
8746
8743
8740
8737
8734
8731
8727
8724
8721
8718
8715
8712
8708
8703
8700
8697
8693
8690
8687
8683
8678
8674
8671
8668
8665
8662
8659
8656
8650
8647
8643
8640
8636
8632
8629
8626
8622
8618
8615
8611
8608
8603
8599
8594
8591
8588
8585
8582
8579
8576
8573
8570
8566
8561
8555
8551
8548
8545
8541
8537
8533
8529
8525
8521
8517
8514
8510
8507
8502
8499
8496
8493
8490
8486
8483
8480
8476
8473
8469
8466
8463
8458
8455
8452
8445
8442
8439
8436
8433
8430
8425
8422
8419
8415
8411
8408
8405
8399
8396
8393
8389
8385
8382
8377
8373
8370
8367
8364
8361
8358
8355
8352
8349
8345
8342
8338
8334
8331
8326
8323
8319
8316
8313
8310
8307
8303
8299
8296
8293
8290
8287
8284
8279
8275
8272
8269
8266
8263
8260
8257
8254
8251
8248
8245
8242
8238
8235
8232
8228
8225
8222
8219
8216
8212
8208
8205
8200
8197
8194
8189
8182
8179
8176
8173
8170
8167
8164
8159
8156
8153
8150
8147
8144
8140
8135
8132
8129
8126
8123
8120
8117
8114
8111
8108
8105
8102
8099
8095
8092
8089
8086
8083
8079
8076
8073
8070
8067
8064
8061
8058
8055
8051
8047
8043
8039
8036
8032
8029
8025
8022
8019
8016
8012
8009
8006
8003
8000
7995
7991
7988
7985
7982
7979
7976
7973
7970
7967
7963
7958
7955
7952
7948
7945
7942
7939
7936
7933
7930
7927
7923
7920
7915
7912
7909
7906
7903
7900
7897
7892
7883
7880
7877
7874
7871
7866
7863
7859
7856
7853
7850
7847
7843
7840
7837
7834
7831
7828
7825
7822
7819
7816
7813
7810
7807
7803
7800
7795
7791
7787
7784
7781
7778
7775
7772
7769
7766
7763
7760
7757
7752
7749
7745
7742
7739
7736
7733
7730
7727
7724
7721
7718
7715
7712
7709
7706
7703
7700
7697
7694
7691
7688
7684
7681
7678
7674
7671
7668
7665
7661
7658
7653
7648
7645
7642
7639
7636
7632
7628
7625
7622
7619
7616
7613
7610
7605
7602
7599
7596
7592
7588
7585
7580
7577
7573
7570
7567
7562
7559
7556
7553
7550
7547
7544
7541
7538
7535
7531
7528
7525
7522
7519
7515
7512
7508
7503
7499
7495
7492
7488
7485
7482
7477
7474
7471
7467
7464
7461
7456
7453
7450
7447
7444
7440
7437
7433
7429
7426
7423
7420
7417
7414
7411
7408
7404
7401
7398
7394
7390
7387
7384
7381
7378
7375
7372
7368
7365
7362
7359
7356
7353
7350
7346
7342
7339
7336
7332
7327
7324
7321
7318
7315
7312
7309
7306
7303
7300
7297
7294
7291
7288
7285
7281
7276
7273
7270
7267
7264
7261
7256
7253
7250
7246
7243
7240
7237
7234
7231
7228
7225
7222
7219
7216
7213
7210
7207
7203
7199
7196
7193
7190
7186
7183
7180
7177
7174
7169
7166
7163
7160
7156
7152
7149
7146
7143
7139
7135
7132
7129
7126
7123
7120
7116
7111
7108
7104
7101
7098
7095
7092
7089
7086
7083
7080
7077
7074
7071
7068
7064
7061
7058
7055
7052
7049
7046
7043
7040
7037
7034
7031
7028
7025
7022
7018
7015
7012
7009
7006
7003
7000
6997
6994
6991
6988
6985
6982
6979
6976
6970
6967
6964
6959
6956
6953
6950
6947
6943
6940
6937
6934
6931
6928
6925
6922
6919
6916
6912
6909
6905
6900
6897
6893
6890
6887
6884
6881
6876
6873
6870
6867
6864
6861
6858
6855
6851
6848
6844
6841
6838
6834
6831
6828
6825
6822
6819
6816
6813
6810
6807
6804
6801
6798
6795
6792
6789
6786
6783
6779
6776
6773
6770
6763
6760
6757
6754
6751
6748
6745
6742
6739
6735
6731
6728
6725
6722
6719
6716
6713
6710
6707
6704
6701
6698
6695
6692
6689
6685
6682
6679
6676
6673
6670
6667
6664
6661
6657
6654
6649
6646
6643
6640
6637
6633
6630
6627
6623
6619
6616
6613
6609
6606
6603
6600
6597
6594
6590
6586
6583
6580
6577
6574
6570
6567
6563
6560
6557
6554
6551
6548
6544
6540
6536
6533
6529
6526
6523
6520
6517
6514
6511
6508
6505
6502
6499
6495
6492
6489
6486
6483
6479
6476
6473
6470
6467
6464
6461
6458
6455
6452
6449
6446
6442
6439
6436
6433
6430
6427
6424
6421
6418
6415
6412
6408
6405
6402
6398
6395
6391
6388
6384
6381
6378
6375
6372
6369
6366
6363
6360
6357
6354
6351
6347
6344
6341
6338
6333
6330
6327
6324
6321
6318
6314
6311
6308
6305
6302
6298
6295
6292
6287
6284
6281
6276
6273
6270
6267
6264
6259
6256
6252
6249
6246
6243
6239
6236
6227
6224
6221
6217
6213
6209
6205
6202
6199
6196
6193
6190
6187
6184
6181
6178
6175
6172
6169
6166
6162
6159
6156
6153
6150
6147
6143
6140
6137
6134
6131
6128
6125
6122
6119
6116
6113
6110
6107
6104
6101
6096
6093
6090
6087
6084
6081
6078
6075
6072
6069
6066
6063
6060
6057
6054
6051
6048
6045
6042
6039
6036
6033
6030
6027
6024
6021
6018
6015
6012
6009
6005
6002
5999
5996
5993
5990
5987
5984
5980
5977
5974
5971
5968
5965
5962
5959
5956
5953
5950
5947
5944
5940
5937
5934
5931
5928
5925
5922
5919
5916
5913
5910
5906
5903
5900
5897
5894
5891
5888
5885
5882
5879
5876
5873
5870
5867
5864
5860
5857
5854
5851
5848
5843
5840
5837
5834
5831
5828
5825
5822
5819
5816
5813
5810
5807
5804
5801
5797
5794
5791
5788
5785
5782
5779
5776
5773
5770
5767
5764
5761
5758
5755
5752
5749
5746
5743
5740
5737
5734
5731
5728
5725
5722
5719
5715
5712
5709
5706
5703
5700
5697
5694
5691
5687
5684
5681
5678
5675
5672
5669
5666
5663
5660
5657
5654
5651
5648
5644
5641
5638
5635
5632
5629
5626
5622
5619
5616
5613
5610
5607
5604
5601
5598
5595
5592
5589
5586
5583
5580
5577
5574
5571
5568
5565
5562
5559
5556
5553
5550
5547
5544
5541
5538
5535
5532
5528
5525
5522
5519
5516
5513
5510
5507
5503
5499
5496
5493
5490
5487
5484
5481
5478
5475
5472
5469
5466
5463
5460
5457
5454
5450
5447
5444
5440
5437
5434
5431
5428
5425
5422
5419
5416
5413
5410
5407
5404
5401
5398
5395
5392
5389
5386
5383
5380
5377
5374
5371
5368
5365
5362
5359
5356
5353
5350
5347
5344
5341
5338
5335
5332
5329
5326
5323
5320
5317
5314
5311
5308
5305
5302
5299
5296
5293
5290
5287
5284
5281
5278
5275
5272
5268
5265
5262
5259
5256
5253
5250
5247
5244
5241
5238
5235
5232
5229
5226
5223
5220
5217
5214
5211
5208
5205
5202
5199
5196
5193
5190
5187
5184
5181
5178
5175
5172
5169
5166
5163
5160
5157
5154
5151
5148
5145
5142
5139
5136
5133
5130
5127
5124
5121
5118
5115
5112
5108
5105
5102
5099
5096
5093
5090
5087
5084
5081
5078
5075
5072
5069
5066
5063
5059
5056
5053
5050
5047
5044
5041
5038
5035
5032
5029
5026
5023
5020
5017
5014
5011
5008
5005
5002
4999
4996
4993
4990
4987
4984
4981
4978
4975
4972
4969
4966
4963
4960
4957
4954
4951
4948
4945
4942
4939
4936
4933
4930
4927
4924
4921
4918
4915
4912
4909
4906
4903
4900
4897
4894
4891
4888
4885
4882
4879
4876
4873
4870
4867
4864
4861
4858
4855
4852
4849
4846
4843
4840
4837
4834
4831
4828
4825
4822
4819
4816
4813
4810
4807
4804
4801
4798
4795
4792
4789
4786
4783
4780
4777
4774
4771
4768
4765
4762
4759
4756
4753
4750
4747
4744
4741
4738
4735
4732
4729
4726
4723
4720
4717
4714
4711
4708
4705
4702
4699
4696
4693
4690
4687
4684
4681
4678
4675
4672
4669
4666
4663
4660
4656
4653
4650
4647
4644
4641
4638
4635
4632
4629
4625
4622
4619
4616
4613
4610
4607
4604
4601
4598
4595
4592
4589
4586
4583
4580
4577
4574
4571
4568
4565
4562
4559
4556
4553
4550
4547
4544
4541
4538
4535
4532
4529
4526
4523
4520
4517
4514
4511
4508
4505
4502
4499
4496
4493
4490
4487
4484
4481
4478
4475
4472
4469
4465
4462
4459
4456
4453
4450
4447
4444
4441
4438
4435
4432
4429
4426
4422
4419
4416
4413
4410
4407
4404
4401
4398
4395
4392
4389
4386
4383
4380
4377
4374
4371
4368
4365
4362
4359
4356
4353
4350
4347
4344
4341
