32904
32517
32175
31902
31843
31739
31643
31602
31569
31538
31508
31400
31348
31298
31274
31228
31186
31165
31105
31029
31010
30956
30871
30727
30562
30532
30280
30252
30238
29952
29939
29926
29913
29685
29649
29352
29297
29264
29253
28813
28753
28733
28713
28128
28074
28065
28056
28047
28038
28029
28020
28011
28002
27993
27425
27345
27313
27281
27257
27249
27241
27233
27225
27217
27209
27201
27193
27185
27177
27169
27161
27153
27145
27137
27129
27121
27113
27105
27097
27089
27081
27073
27065
27057
27049
27041
27033
26039
25913
25892
25885
25878
25871
25864
25857
25850
25843
25836
25829
25822
25815
25808
25801
25794
25787
25780
25773
25766
25759
25752
25745
25738
25731
25724
25717
25710
25703
25696
25689
25682
25675
25668
25661
25654
25647
25640
25633
25626
25619
25612
25605
25598
25591
25584
25577
25570
25563
25556
25549
25542
24324
24192
24150
24120
24108
24096
24084
24072
24066
24060
24054
24048
24042
24036
24030
24024
24018
24012
24006
24000
23994
23988
23982
23976
23970
23964
23958
23952
23946
23940
23934
23928
23922
23916
23910
23904
23898
23892
23886
23880
23874
23868
23862
23856
23850
23844
23838
23832
23826
23820
23814
23808
23802
23796
23790
23784
23778
23772
23766
23760
23754
23748
23742
23736
23730
23724
23718
23712
23706
23700
23694
23688
23682
23676
23670
23664
23658
23652
23646
23640
23634
23628
23622
23616
23610
23604
23598
23592
23586
23580
23574
23568
21853
21563
21488
21453
21438
21433
21428
21423
21418
21413
21408
21403
21398
21393
21388
21383
21378
21373
21368
21363
21358
21353
21348
21343
21338
21333
21328
21323
21318
21313
21308
21303
21298
21293
21288
21283
21278
21273
21268
21263
21258
21253
21248
21243
21238
21233
21228
21223
21218
21213
21208
21203
21198
21193
21188
21183
21178
21173
21168
21163
21158
21153
21148
21143
21138
21133
21128
21123
21118
21113
21108
21103
21098
21093
21088
21083
21078
21073
21068
21063
21058
21053
21048
21043
21038
21033
21028
21023
21018
21013
21008
21003
20998
20993
20988
20983
20978
20973
20968
20963
20958
20953
20948
20943
20938
20933
20928
20923
20918
20913
20908
20903
20898
20893
20888
20883
20878
20873
20868
20863
20858
20853
20848
20843
20838
20833
20828
20823
20818
20813
20808
20803
20798
20793
20788
20783
20778
20773
20768
20763
20758
20753
20748
20743
20738
20733
20728
20723
20718
20713
20708
20703
20698
20693
20688
20683
20678
20673
20668
20663
20658
20653
20648
20643
20638
20633
20628
20623
20618
20613
20608
20603
20598
20593
20588
20583
20578
20573
20568
20563
20558
20553
20548
20543
20538
20533
20528
20523
20518
20513
20508
20503
20498
20493
20488
20483
20478
20473
20468
20463
20458
20453
20448
20443
20438
20433
20428
20423
20418
20413
20408
20403
20398
20393
20388
20383
20378
20373
20368
20363
20358
20353
20348
20343
20338
20333
20328
20323
18299
17843
17723
17695
17683
17675
17667
17663
17659
17655
17651
17647
17643
17639
17635
17631
17627
17623
17619
17615
17611
17607
17603
17599
17595
17591
17587
17583
17579
17575
17571
17567
17563
17559
17555
17551
17547
17543
17539
17535
17531
17527
17523
17519
17515
17511
17507
17503
17499
17495
17491
17487
17483
17479
17475
17471
17467
17463
17459
17455
17451
17447
17443
17439
17435
17431
17427
17423
17419
17415
17411
17407
17403
17399
17395
17391
17387
17383
17379
17375
17371
17367
17363
17359
17355
17351
17347
17343
17339
17335
17331
17327
17323
17319
17315
17311
17307
17303
17299
17295
17291
17287
17283
17279
17275
17271
17267
17263
17259
17255
17251
17247
17243
17239
17235
17231
17227
17223
17219
17215
17211
17207
17203
17199
17195
17191
17187
17183
17179
17175
17171
17167
17163
17159
17155
17151
17147
17143
17139
17135
17131
17127
17123
17119
17115
17111
17107
17103
17099
17095
17091
17087
17083
17079
17075
17071
17067
17063
17059
17055
17051
17047
17043
17039
17035
17031
17027
17023
17019
17015
17011
17007
17003
16999
16995
16991
16987
16983
16979
16975
16971
16967
16963
16959
16955
16951
16947
16943
16939
16935
16931
16927
16923
16919
16915
16911
16907
16903
16899
16895
16891
16887
16883
16879
16875
16871
16867
16863
16859
16855
16851
16847
16843
16839
16835
16831
16827
16823
16819
16815
16811
16807
16803
16799
16795
16791
16787
16783
16779
16775
16771
16767
16763
16759
16755
16751
16747
16743
16739
16735
16731
16727
16723
16719
16715
16711
16707
16703
16699
16695
16691
16687
16683
16679
16675
16671
16667
16663
16659
16655
16651
16647
16643
16639
16635
16631
16627
16623
16619
16615
16611
16607
16603
16599
16595
16591
16587
16583
16579
16575
16571
16567
16563
16559
16555
16551
16547
16543
16539
16535
16531
16527
16523
16519
16515
16511
16507
16503
16499
16495
16491
16487
16483
16479
16475
16471
16467
16463
16459
16455
16451
16447
16443
16439
16435
16431
16427
16423
16419
16415
16411
16407
16403
16399
16395
16391
16387
16383
16379
16375
16371
16367
16363
16359
16355
16351
16347
16343
16339
16335
16331
16327
16323
16319
16315
16311
16307
16303
16299
16295
16291
16287
16283
16279
16275
16271
16267
16263
16259
16255
16251
16247
16243
16239
16235
16231
16227
16223
16219
16215
16211
16207
16203
16199
16195
16191
16187
16183
16179
16175
16171
16167
16163
16159
16155
16151
16147
16143
16139
16135
16131
16127
16123
16119
16115
16111
16107
16103
16099
16095
16091
16087
16083
16079
16075
16071
16067
16063
16059
16055
16051
16047
16043
16039
16035
16031
16027
16023
16019
16015
16011
16007
16003
15999
15995
15991
15987
15983
15979
15975
15971
15967
15963
15959
15955
15951
15947
15943
15939
15935
15931
15927
15923
15919
15915
15911
15907
15903
15899
15895
15891
15887
15883
15879
15875
15871
15867
15863
15859
15855
15851
15847
15843
15839
15835
15831
15827
15823
15819
15815
13838
13298
13294
13105
13036
13006
12985
12973
12961
12955
12949
12943
12940
12937
12934
12931
12928
12925
12922
12919
12916
12913
12910
12907
12904
12901
12898
12895
12892
12889
12886
12883
12880
12877
12874
12871
12868
12865
12862
12859
12856
12853
12850
12847
12844
12841
12838
12835
12832
12829
12826
12823
12820
12817
12814
12811
12808
12805
12802
12799
12796
12793
12790
12787
12784
12781
12778
12775
12772
12769
12766
12763
12760
12757
12754
12751
12748
12745
12742
12739
12736
12733
12730
12727
12724
12721
12718
12715
12712
12709
12706
12703
12700
12697
12694
12691
12688
12685
12682
12679
12676
12673
12670
12667
12664
12661
12658
12655
12652
12649
12646
12643
12640
12637
12634
12631
12628
12625
12622
12619
12616
12613
12610
12607
12604
12601
12598
12595
12592
12589
12586
12583
12580
12577
12574
12571
12568
12565
12562
12559
12556
12553
12550
12547
12544
12541
12538
12535
12532
12529
12526
12523
12520
12517
12514
12511
12508
12505
12502
12499
12496
12493
12490
12487
12484
12481
12478
12475
12472
12469
12466
12463
12460
12457
12454
12451
12448
12445
12442
12439
12436
12433
12430
12427
12424
12421
12418
12415
12412
12409
12406
12403
12400
12397
12394
12391
12388
12385
12382
12379
12376
12373
12370
12367
12364
12361
12358
12355
12352
12349
12346
12343
12340
12337
12334
12331
12328
12325
12322
12319
12316
12313
12310
12307
12304
12301
12298
12295
12292
12289
12286
12283
12280
12277
12274
12271
12268
12265
12262
12259
12256
12253
12250
12247
12244
12241
12238
12235
12232
12229
12226
12223
12220
12217
12214
12211
12208
12205
12202
12199
12196
12193
12190
12187
12184
12181
12178
12175
12172
12169
12166
12163
12160
12157
12154
12151
12148
12145
12142
12139
12136
12133
12130
12127
12124
12121
12118
12115
12112
12109
12106
12103
12100
12097
12094
12091
12088
12085
12082
12079
12076
12073
12070
12067
12064
12061
12058
12055
12052
12049
12046
12043
12040
12037
12034
12031
12028
12025
12022
12019
12016
12013
12010
12007
12004
12001
11998
11995
11992
11989
11986
11983
11980
11977
11974
11971
11968
11965
11962
11959
11956
11953
11950
11947
11944
11941
11938
11935
11932
11929
11926
11923
11920
11917
11914
11911
11908
11905
11902
11899
11896
11893
11890
11887
11884
11881
11878
11875
11872
11869
11866
11863
11860
11857
11854
11851
11848
11845
11842
11839
11836
11833
11830
11827
11824
11821
11818
11815
11812
11809
11806
11803
11800
11797
11794
11791
11788
11785
11782
11779
11776
11773
11770
11767
11764
11761
11758
11755
11752
11749
11746
11743
11740
11737
11734
11731
11728
11725
11722
11719
11716
11713
11710
11707
11704
11701
11698
11695
11692
11689
11686
11683
11680
11677
11674
11671
11668
11665
11662
11659
11656
11653
11650
11647
11644
11641
11638
11635
11632
11629
11626
11623
11620
11617
11614
11611
11608
11605
11602
11599
11596
11593
11590
11587
11584
11581
11578
11575
11572
11569
11566
11563
11560
11557
11554
11551
11548
11545
11542
11539
11536
11533
11530
11527
11524
11521
11518
11515
11512
11509
11506
11503
11500
11497
11494
11491
11488
11485
11482
11479
11476
11473
11470
11467
11464
11461
11458
11455
11452
11449
11446
11443
11440
11437
11434
11431
11428
11425
11422
11419
11416
11413
11410
11407
11404
11401
11398
11395
11392
11389
11386
11383
11380
11377
11374
11371
11368
11365
11362
11359
11356
11353
11350
11347
11344
11341
11338
11335
11332
11329
11326
11323
11320
11317
11314
11311
11308
11305
11302
11299
11296
11293
11290
11287
11284
11281
11278
11275
11272
11269
11266
11263
11260
11257
11254
11251
11248
11245
11242
11239
11236
11233
11230
11227
11224
11221
11218
11215
11212
11209
11206
11203
11200
11197
11194
11191
11188
11185
11182
11179
11176
11173
11170
11167
11164
11161
11158
11155
11152
11149
11146
11143
11140
11137
11134
11131
11128
11125
11122
11119
11116
11113
11110
11107
11104
11101
11098
11095
11092
11089
11086
11083
11080
11077
11074
11071
11068
11065
11062
11059
11056
11053
11050
11047
11044
11041
11038
11035
11032
11029
11026
11023
11020
11017
11014
11011
11008
11005
11002
10999
10996
10993
10990
10987
10984
10981
10978
10975
10972
10969
10966
10963
10960
10957
10954
10951
10948
10945
10942
10939
10936
10933
10930
10927
10924
10921
10918
10915
10912
10909
10906
10903
10900
10897
10894
10891
10888
10885
10882
10879
10876
10873
10870
10867
10864
10861
10858
10855
10852
10849
10846
10843
10840
10837
10834
10831
10828
10825
10822
10819
10816
10813
10810
10807
10804
10801
10798
10795
10792
10789
10786
10783
10780
10777
10774
10771
10768
10765
10762
10759
10756
10753
10750
10747
10744
10741
10738
10735
10732
10729
10726
10723
10720
10717
10714
10711
10708
10705
10702
10699
10696
10693
10690
10687
10684
10681
10678
10675
10672
10669
10666
10663
10660
10657
10654
10651
10648
10645
10642
10639
10636
10633
10630
10627
10624
10621
10618
10615
10612
10609
10606
10603
10600
10597
10594
10591
10588
10585
10582
10579
10576
10573
10570
10567
10564
10561
10558
10555
10552
10549
10546
10543
10540
10537
10534
10531
10528
10525
10522
10519
10516
10513
10510
10507
10504
10501
10498
10495
10492
10489
10486
10483
10480
10477
10474
10471
10468
10465
10462
10459
10456
10453
10450
10447
10444
10441
10438
10435
10432
10429
10426
10423
10420
10417
10414
10411
10408
10405
10402
10399
10396
10393
10390
10387
10384
10381
10378
10375
10372
10369
10366
10363
10360
10357
10354
10351
10348
10345
10342
10339
10336
10333
10330
10327
10324
10321
10318
10315
10312
10309
10306
10303
10300
10297
10294
10291
10288
10285
10282
10279
10276
10273
10270
10267
10264
10261
10258
10255
10252
10249
10246
10243
10240
10237
10234
10231
10228
10225
10222
10219
10216
10213
10210
10207
10204
10201
10198
10195
10192
10189
10186
10183
10180
10177
10174
10171
10168
10165
10162
10159
10156
10153
10150
10147
10144
10141
10138
10135
10132
10129
10126
10123
10120
10117
10114
10111
10108
10105
10102
10099
10096
10093
10090
10087
10084
10081
10078
10075
10072
10069
10066
10063
10060
10057
10054
10051
10048
10045
10042
10039
10036
10033
10030
10027
10024
10021
10018
10015
10012
10009
10006
10003
10000
9997
9994
9991
9988
9985
9982
9979
9976
8866
8863
8507
8504
8378
8320
8286
8264
8254
8246
8244
8242
8240
8238
8236
8234
8232
8230
8228
8226
8224
8222
8220
8218
8216
8214
8212
8210
8208
8206
8204
8202
8200
8198
8196
8194
8192
8190
8188
8186
8184
8182
8180
8178
8176
8174
8172
8170
8168
8166
8164
8162
8160
8158
8156
8154
8152
8150
8148
8146
8144
8142
8140
8138
8136
8134
8132
8130
8128
8126
8124
8122
8120
8118
8116
8114
8112
8110
8108
8106
8104
8102
8100
8098
8096
8094
8092
8090
8088
8086
8084
8082
8080
8078
8076
8074
8072
8070
8068
8066
8064
8062
8060
8058
8056
8054
8052
8050
8048
8046
8044
8042
8040
8038
8036
8034
8032
8030
8028
8026
8024
8022
8020
8018
8016
8014
8012
8010
8008
8006
8004
8002
8000
7998
7996
7994
7992
7990
7988
7986
7984
7982
7980
7978
7976
7974
7972
7970
7968
7966
7964
7962
7960
7958
7956
7954
7952
7950
7948
7946
7944
7942
7940
7938
7936
7934
7932
7930
7928
7926
7924
7922
7920
7918
7916
7914
7912
7910
7908
7906
7904
7902
7900
7898
7896
7894
7892
7890
7888
7886
7884
7882
7880
7878
7876
7874
7872
7870
7868
7866
7864
7862
7860
7858
7856
7854
7852
7850
7848
7846
7844
7842
7840
7838
7836
7834
7832
7830
7828
7826
7824
7822
7820
7818
7816
7814
7812
7810
7808
7806
7804
7802
7800
7798
7796
7794
7792
7790
7788
7786
7784
7782
7780
7778
7776
7774
7772
7770
7768
7766
7764
7762
7760
7758
7756
7754
7752
7750
7748
7746
7744
7742
7740
7738
7736
7734
7732
7730
7728
7726
7724
7722
7720
7718
7716
7714
7712
7710
7708
7706
7704
7702
7700
7698
7696
7694
7692
7690
7688
7686
7684
7682
7680
7678
7676
7674
7672
7670
7668
7666
7664
7662
7660
7658
7656
7654
7652
7650
7648
7646
7644
7642
7640
7638
7636
7634
7632
7630
7628
7626
7624
7622
7620
7618
7616
7614
7612
7610
7608
7606
7604
7602
7600
7598
7596
7594
7592
7590
7588
7586
7584
7582
7580
7578
7576
7574
7572
7570
7568
7566
7564
7562
7560
7558
7556
7554
7552
7550
7548
7546
7544
7542
7540
7538
7536
7534
7532
7530
7528
7526
7524
7522
7520
7518
7516
7514
7512
7510
7508
7506
7504
7502
7500
7498
7496
7494
7492
7490
7488
7486
7484
7482
7480
7478
7476
7474
7472
7470
7468
7466
7464
7462
7460
7458
7456
7454
7452
7450
7448
7446
7444
7442
7440
7438
7436
7434
7432
7430
7428
7426
7424
7422
7420
7418
7416
7414
7412
7410
7408
7406
7404
7402
7400
7398
7396
7394
7392
7390
7388
7386
7384
7382
7380
7378
7376
7374
7372
7370
7368
7366
7364
7362
7360
7358
7356
7354
7352
7350
7348
7346
7344
7342
7340
7338
7336
7334
7332
7330
7328
7326
7324
7322
7320
7318
7316
7314
7312
7310
7308
7306
7304
7302
7300
7298
7296
7294
7292
7290
7288
7286
7284
7282
7280
7278
7276
7274
7272
7270
7268
7266
7264
7262
7260
7258
7256
7254
7252
7250
7248
7246
7244
7242
7240
7238
7236
7234
7232
7230
7228
7226
7224
7222
7220
7218
7216
7214
7212
7210
7208
7206
7204
7202
7200
7198
7196
7194
7192
7190
7188
7186
7184
7182
7180
7178
7176
7174
7172
7170
7168
7166
7164
7162
7160
7158
7156
7154
7152
7150
7148
7146
7144
7142
7140
7138
7136
7134
7132
7130
7128
7126
7124
7122
7120
7118
7116
7114
7112
7110
7108
7106
7104
7102
7100
7098
7096
7094
7092
7090
7088
7086
7084
7082
7080
7078
7076
7074
7072
7070
7068
7066
7064
7062
7060
7058
7056
7054
7052
7050
7048
7046
7044
7042
7040
7038
7036
7034
7032
7030
7028
7026
7024
7022
7020
7018
7016
7014
7012
7010
7008
7006
7004
7002
7000
6998
6996
6994
6992
6990
6988
6986
6984
6982
6980
6978
6976
6974
6972
6970
6968
6966
6964
6962
6960
6958
6956
6954
6952
6950
6948
6946
6944
6942
6940
6938
6936
6934
6932
6930
6928
6926
6924
6922
6920
6918
6916
6914
6912
6910
6908
6906
6904
6902
6900
6898
6896
6894
6892
6890
6888
6886
6884
6882
6880
6878
6876
6874
6872
6870
6868
6866
6864
6862
6860
6858
6856
6854
6852
6850
6848
6846
6844
6842
6840
6838
6836
6834
6832
6830
6828
6826
6824
6822
6820
6818
6816
6814
6812
6810
6808
6806
6804
6802
6800
6798
6796
6794
6792
6790
6788
6786
6784
6782
6780
6778
6776
6774
6772
6770
6768
6766
6764
6762
6760
6758
6756
6754
6752
6750
6748
6746
6744
6742
6740
6738
6736
6734
6732
6730
6728
6726
6724
6722
6720
6718
6716
6714
6712
6710
6708
6706
6704
6702
6700
6698
6696
6694
6692
6690
6688
6686
6684
6682
6680
6678
6676
6674
6672
6670
6668
6666
6664
6662
6660
6658
6656
6654
6652
6650
6648
6646
6644
6642
6640
6638
6636
6634
6632
6630
6628
6626
6624
6622
6620
6618
6616
6614
6612
6610
6608
6606
6604
6602
6600
6598
6596
6594
6592
6590
6588
6586
6584
6582
6580
6578
6576
6574
6572
6570
6568
6566
6564
6562
6560
6558
6556
6554
6552
6550
6548
6546
6544
6542
6540
6538
6536
6534
6532
6530
6528
6526
6524
6522
6520
6518
6516
6514
6512
6510
6508
6506
6504
6502
6500
6498
6496
6494
6492
6490
6488
6486
6484
6482
6480
6478
6476
6474
6472
6470
6468
6466
6464
6462
6460
6458
6456
6454
6452
6450
6448
6446
6444
6442
6440
6438
6436
6434
6432
6430
6428
6426
6424
6422
6420
6418
6416
6414
6412
6410
6408
6406
6404
6402
6400
6398
6396
6394
6392
6390
6388
6386
6384
6382
6380
6378
6376
6374
6372
6370
6368
6366
6364
6362
6360
6358
6356
6354
6352
6350
6348
6346
6344
6342
6340
6338
6336
6334
6332
6330
6328
6326
6324
6322
6320
6318
6316
6314
6312
6310
6308
6306
6304
6302
6300
6298
6296
6294
6292
6290
6288
6286
6284
6282
6280
6278
6276
6274
6272
6270
6268
6266
6264
6262
6260
6258
6256
6254
6252
6250
6248
6246
6244
6242
6240
6238
6236
6234
6232
6230
6228
6226
6224
6222
6220
6218
6216
6214
6212
6210
6208
6206
6204
6202
6200
6198
6196
6194
6192
6190
6188
6186
6184
6182
6180
6178
6176
6174
6172
6170
6168
6166
6164
6162
6160
6158
6156
6154
6152
6150
6148
6146
6144
6142
6140
6138
6136
6134
6132
6130
6128
6126
6124
6122
6120
6118
6116
6114
6112
6110
6108
6106
6104
6102
6100
6098
6096
6094
6092
6090
6088
6086
6084
6082
6080
6078
6076
6074
6072
6070
6068
6066
6064
6062
6060
6058
6056
6054
6052
6050
6048
6046
6044
6042
6040
6038
6036
6034
6032
6030
6028
6026
6024
6022
6020
6018
6016
6014
6012
6010
6008
6006
6004
6002
6000
5998
5996
5994
5992
5990
5988
5986
5984
5982
5980
5978
5976
5974
5972
5970
5968
5966
5964
5962
5960
5958
5956
5954
5952
5950
5948
5946
5944
5942
5940
5938
5936
5934
5932
5930
5928
5926
5924
5922
5920
5918
5916
5914
5912
5910
5908
5906
5904
5902
5900
5898
5896
5894
5892
5890
5888
5886
5884
5882
5880
5878
5876
5874
5872
5870
5868
5866
5864
5862
5860
5858
5856
5854
5852
5850
5848
5846
5844
5842
5840
5838
5836
5834
5832
5830
5828
5826
5824
5822
5820
5818
5816
5814
5812
5810
5808
5806
5804
5802
5800
5798
5796
5794
5792
5790
5788
5786
5784
5782
5780
5778
5776
5774
5772
5770
5768
5766
5764
5762
5760
5758
5756
5754
5752
5750
5748
5746
5744
5742
5740
5738
5736
5734
5732
5730
5728
5726
5724
5722
5720
5718
5716
5714
5712
5710
5708
5706
5704
5702
5700
5698
5696
5694
5692
5690
5688
5686
5684
5682
5680
5678
5676
5674
5672
5670
5668
5666
5664
5662
5660
5658
5656
5654
5652
5650
5648
5646
5644
5642
5640
5638
5636
5634
5632
5630
5628
5626
5624
5622
5620
5618
5616
5614
5612
5610
5608
5606
5604
5602
5600
5598
5596
5594
5592
5590
5588
5586
5584
5582
5580
5578
5576
5574
5572
5570
5568
5566
5564
5562
5560
5558
5556
5554
5552
5550
5548
5546
5544
5542
5540
5538
5536
5534
5532
5530
5528
5526
5524
5522
5520
5518
5516
5514
5512
5510
5508
5506
5504
5502
5500
5498
5496
5494
5492
5490
5488
5486
5484
5482
5480
5478
5476
5474
5472
5470
5468
5466
5464
5462
5460
5458
5456
5454
5452
5450
5448
5446
5444
5442
5440
5438
5436
5434
5432
5430
5428
5426
5424
5422
5420
5418
5416
5414
5412
5410
5408
5406
5404
5402
5400
5398
5396
5394
5392
5390
5388
5386
5384
5382
5380
5378
5376
5374
5372
5370
5368
5366
5364
5362
5360
5358
5356
5354
5352
5350
5348
5346
5344
5342
5340
5338
5336
5334
5332
5330
5328
5326
5324
5322
5320
5318
5316
5314
5312
5310
5308
5306
5304
5302
5300
5298
5296
5294
5292
5290
5288
5286
5284
5282
5280
5278
5276
5274
5272
5270
5268
5266
5264
5262
5260
5258
5256
5254
5252
5250
5248
5246
5244
5242
5240
5238
5236
5234
5232
5230
5228
5226
5224
5222
5220
5218
5216
5214
5212
5210
5208
5206
5204
5202
5200
5198
5196
5194
5192
5190
5188
5186
5184
5182
5180
5178
5176
5174
5172
5170
5168
5166
5164
5162
5160
5158
5156
5154
5152
5150
5148
5146
5144
5142
5140
5138
5136
5134
5132
5130
5128
5126
5124
5122
5120
5118
5116
5114
5112
5110
5108
5106
5104
5102
5100
5098
5096
5094
5092
5090
5088
5086
5084
5082
5080
5078
5076
5074
5072
5070
5068
5066
5064
5062
5060
5058
5056
5054
5052
5050
5048
5046
5044
5042
5040
5038
5036
5034
5032
5030
5028
5026
5024
5022
5020
5018
5016
5014
5012
5010
5008
5006
5004
5002
5000
4998
4996
4994
4992
4990
4988
4986
4984
4982
4980
4978
4976
4974
4972
4970
4968
4966
4964
4962
4960
4958
4956
4954
4952
4950
4948
4946
4944
4942
4940
4938
4936
4934
4932
4930
4928
4926
4924
4922
4920
4918
4916
4914
4912
4910
4908
4906
4904
4902
4900
4898
4896
4894
4892
4890
4888
4886
4884
4882
4880
4878
4876
4874
4872
4870
4868
4866
4864
4862
4860
4858
4856
4854
4852
4850
4848
4846
4844
4842
4840
4838
4836
4834
4832
4830
4828
4826
4824
4822
4820
4818
4816
4814
4812
4810
4808
4806
4804
4802
4800
4798
4796
4794
4792
4790
4788
4786
4784
4782
4780
4778
4776
4774
4772
4770
4768
4766
4764
4762
4760
4758
4756
4754
4752
4750
4748
4746
4744
4742
4740
4738
4736
4734
4732
4730
4728
4726
4724
4722
4720
4718
4716
4714
4712
4710
4708
4706
4704
4702
4700
4698
4696
4694
4692
4690
4688
4686
4684
4682
4680
4678
4676
4674
4672
4670
4668
4666
4664
4662
4660
4658
4656
4654
4652
4650
4648
4646
4644
4642
4640
4638
4636
4634
4632
4630
4628
4626
4624
4622
4620
4618
4616
4614
4612
4610
4608
4606
4604
4602
4600
4598
4596
4594
4592
4590
4588
4586
4584
4582
4580
4578
4576
4574
4572
4570
4568
4566
4564
4562
4560
4558
4556
4554
4552
4550
4548
4546
4544
4542
4540
4538
4536
4534
4532
4530
4528
4526
4524
4522
4520
4518
4516
4514
4512
4510
4508
4506
4504
4502
4500
4498
4496
4494
4492
4490
4488
4486
4484
4482
4480
4478
4476
4474
4472
4470
4468
4466
4464
4462
4460
4458
4456
4454
4452
4450
4448
4446
4444
4442
4440
4438
4436
4434
4432
4430
4428
4426
4424
4422
4420
4418
4416
4414
4412
4410
4408
4406
4404
4402
4400
4398
4396
4394
4392
4390
4388
4386
4384
4382
4380
4378
4376
4374
4372
4370
4368
4366
4364
4362
4360
4358
4356
4354
4352
4350
4348
4346
4344
4342
